Sample	0	1	2	3	4	5	6	7	8	9	10	11	12	13	14	15	16	17	18	19	20	21	22	23	24	25	26	27
SRR23106236_1	(30, 167.0)	(40, 522.0)	(50, 636.0)	(60, 754.0)	(70, 928.0)	(80, 1123.0)	(90, 1402.0)	(100, 1657.0)	(110, 2009.0)	(120, 2377.0)	(130, 2833.0)	(140, 3459.0)	(150, 4122.0)	(160, 4655.0)	(170, 5253.0)	(180, 6040.0)	(190, 6493.0)	(200, 6947.0)	(210, 7622.0)	(220, 7780.0)	(230, 8081.0)	(240, 8253.0)	(250, 8240.0)	(260, 8223.0)	(270, 8076.0)	(280, 7966.0)	(290, 19683.0)	(300, 151951.0)
SRR23106236_2	(30, 169.0)	(40, 524.0)	(50, 636.0)	(60, 756.0)	(70, 931.0)	(80, 1127.0)	(90, 1414.0)	(100, 1659.0)	(110, 2013.0)	(120, 2382.0)	(130, 2836.0)	(140, 3470.0)	(150, 4129.0)	(160, 4673.0)	(170, 5261.0)	(180, 6063.0)	(190, 6512.0)	(200, 6973.0)	(210, 7653.0)	(220, 7814.0)	(230, 8115.0)	(240, 8275.0)	(250, 8256.0)	(260, 8236.0)	(270, 8074.0)	(280, 7978.0)	(290, 15531.0)	(300, 155792.0)
SRR23106237_1	(30, 130.0)	(40, 344.0)	(50, 418.0)	(60, 531.0)	(70, 712.0)	(80, 805.0)	(90, 948.0)	(100, 1157.0)	(110, 1429.0)	(120, 1656.0)	(130, 2008.0)	(140, 2396.0)	(150, 2869.0)	(160, 3314.0)	(170, 3891.0)	(180, 4336.0)	(190, 4957.0)	(200, 5464.0)	(210, 6088.0)	(220, 6526.0)	(230, 6976.0)	(240, 7281.0)	(250, 7604.0)	(260, 7686.0)	(270, 7721.0)	(280, 7691.0)	(290, 19530.0)	(300, 156194.0)
SRR23106237_2	(30, 130.0)	(40, 347.0)	(50, 419.0)	(60, 530.0)	(70, 715.0)	(80, 810.0)	(90, 953.0)	(100, 1161.0)	(110, 1436.0)	(120, 1660.0)	(130, 2013.0)	(140, 2410.0)	(150, 2879.0)	(160, 3323.0)	(170, 3900.0)	(180, 4350.0)	(190, 4969.0)	(200, 5488.0)	(210, 6105.0)	(220, 6560.0)	(230, 6999.0)	(240, 7312.0)	(250, 7630.0)	(260, 7696.0)	(270, 7728.0)	(280, 7680.0)	(290, 15519.0)	(300, 159940.0)
SRR23106238_1	(30, 217.0)	(40, 568.0)	(50, 732.0)	(60, 884.0)	(70, 1088.0)	(80, 1286.0)	(90, 1594.0)	(100, 1860.0)	(110, 2231.0)	(120, 2767.0)	(130, 3263.0)	(140, 3818.0)	(150, 4497.0)	(160, 5247.0)	(170, 5903.0)	(180, 6613.0)	(190, 7438.0)	(200, 8063.0)	(210, 8519.0)	(220, 9074.0)	(230, 9182.0)	(240, 9418.0)	(250, 9320.0)	(260, 9196.0)	(270, 8927.0)	(280, 8767.0)	(290, 18806.0)	(300, 138312.0)
SRR23106238_2	(30, 217.0)	(40, 569.0)	(50, 733.0)	(60, 886.0)	(70, 1092.0)	(80, 1294.0)	(90, 1609.0)	(100, 1879.0)	(110, 2247.0)	(120, 2776.0)	(130, 3274.0)	(140, 3836.0)	(150, 4517.0)	(160, 5264.0)	(170, 5924.0)	(180, 6641.0)	(190, 7456.0)	(200, 8084.0)	(210, 8538.0)	(220, 9104.0)	(230, 9221.0)	(240, 9446.0)	(250, 9347.0)	(260, 9222.0)	(270, 8961.0)	(280, 8799.0)	(290, 17928.0)	(300, 138726.0)
SRR23106336_1	(30, 192.0)	(40, 512.0)	(50, 612.0)	(60, 803.0)	(70, 1038.0)	(80, 1240.0)	(90, 1596.0)	(100, 2020.0)	(110, 2449.0)	(120, 2918.0)	(130, 3672.0)	(140, 4241.0)	(150, 5013.0)	(160, 5447.0)	(170, 6196.0)	(180, 6662.0)	(190, 7104.0)	(200, 7356.0)	(210, 7453.0)	(220, 7797.0)	(230, 7672.0)	(240, 7726.0)	(250, 7471.0)	(260, 7330.0)	(270, 7262.0)	(280, 6815.0)	(290, 15189.0)	(300, 126742.0)
SRR23106336_2	(30, 193.0)	(40, 513.0)	(50, 612.0)	(60, 807.0)	(70, 1045.0)	(80, 1248.0)	(90, 1604.0)	(100, 2030.0)	(110, 2460.0)	(120, 2925.0)	(130, 3691.0)	(140, 4256.0)	(150, 5033.0)	(160, 5462.0)	(170, 6215.0)	(180, 6685.0)	(190, 7124.0)	(200, 7382.0)	(210, 7490.0)	(220, 7828.0)	(230, 7692.0)	(240, 7734.0)	(250, 7457.0)	(260, 7291.0)	(270, 7152.0)	(280, 6688.0)	(290, 10821.0)	(300, 131090.0)
SRR23106353_1	(30, 393.0)	(40, 1269.0)	(50, 1488.0)	(60, 1803.0)	(70, 2129.0)	(80, 2442.0)	(90, 2865.0)	(100, 3459.0)	(110, 4013.0)	(120, 4620.0)	(130, 5631.0)	(140, 6279.0)	(150, 7137.0)	(160, 8051.0)	(170, 8980.0)	(180, 9760.0)	(190, 10683.0)	(200, 11105.0)	(210, 11552.0)	(220, 11700.0)	(230, 11600.0)	(240, 11485.0)	(250, 11273.0)	(260, 10758.0)	(270, 10314.0)	(280, 9859.0)	(290, 17781.0)	(300, 112787.0)
SRR23106353_2	(30, 394.0)	(40, 1269.0)	(50, 1493.0)	(60, 1811.0)	(70, 2139.0)	(80, 2457.0)	(90, 2880.0)	(100, 3473.0)	(110, 4030.0)	(120, 4639.0)	(130, 5649.0)	(140, 6312.0)	(150, 7162.0)	(160, 8071.0)	(170, 9003.0)	(180, 9789.0)	(190, 10709.0)	(200, 11123.0)	(210, 11580.0)	(220, 11732.0)	(230, 11636.0)	(240, 11503.0)	(250, 11294.0)	(260, 10782.0)	(270, 10371.0)	(280, 9908.0)	(290, 17181.0)	(300, 112826.0)
