Sample	0	1	2	3	4	5	6	7	8	9	10	11	12	13	14	15	16	17	18	19	20	21	22	23	24	25	26	27	28	29	30	31	32	33	34	35	36	37	38	39	40	41	42	43	44	45	46	47	48	49	50	51	52	53	54	55	56	57	58	59	60	61	62	63	64	65	66	67	68	69	70	71	72	73	74	75	76	77	78	79	80	81	82	83	84	85	86	87	88	89	90	91	92	93	94	95	96	97	98	99	100
SRR23106236_1	(0.0, 0.0)	(1.0, 0.0)	(2.0, 0.0)	(3.0, 0.0)	(4.0, 0.0)	(5.0, 0.0)	(6.0, 0.0)	(7.0, 0.0)	(8.0, 0.0)	(9.0, 0.0)	(10.0, 0.0)	(11.0, 0.0)	(12.0, 0.0)	(13.0, 0.0)	(14.0, 0.0)	(15.0, 0.0)	(16.0, 0.0)	(17.0, 0.0)	(18.0, 0.0)	(19.0, 0.0)	(20.0, 0.0010498840753000666)	(21.0, 0.002099768150600133)	(22.0, 0.002799690867466844)	(23.0, 0.003382959798189104)	(24.0, 0.0044328438734891696)	(25.0, 0.011898686186734087)	(26.0, 0.019481182286123454)	(27.0, 0.02344741101503481)	(28.0, 0.03686259642164679)	(29.0, 0.06532612024089296)	(30.0, 0.08632380174689429)	(31.0, 0.10761311771825674)	(32.0, 0.15013342276790995)	(33.0, 0.183963020749801)	(34.0, 0.21347642864434688)	(35.0, 0.27355312850873836)	(36.0, 0.3254057364499468)	(37.0, 0.37387538459296643)	(38.0, 0.4272444917540544)	(39.0, 0.5056358360431287)	(40.0, 0.5679289578442692)	(41.0, 0.6225812566529473)	(42.0, 0.7268114145730169)	(43.0, 0.8390906837370437)	(44.0, 0.9600023330757592)	(45.0, 1.0898379970545247)	(46.0, 1.3070473468554782)	(47.0, 1.605681039385289)	(48.0, 1.8505956633956056)	(49.0, 2.18014260925373)	(50.0, 2.550226745797059)	(51.0, 2.97303839367765)	(52.0, 3.4120649178321423)	(53.0, 3.85680747750774)	(54.0, 4.391898394552172)	(55.0, 4.890709984105696)	(56.0, 5.371790198165296)	(57.0, 5.801717727000601)	(58.0, 6.018752096122492)	(59.0, 6.1851587220576745)	(60.0, 6.295396549964234)	(61.0, 6.043249391212854)	(62.0, 5.482844602574798)	(63.0, 4.809927237200703)	(64.0, 4.248064276236116)	(65.0, 3.5505912888786546)	(66.0, 2.784584202161283)	(67.0, 2.1211157934646248)	(68.0, 1.566310386561533)	(69.0, 1.0851135187156766)	(70.0, 0.7511337289841316)	(71.0, 0.49630353315157144)	(72.0, 0.3049329969815961)	(73.0, 0.1859461351142564)	(74.0, 0.10877965557970137)	(75.0, 0.06415958237944848)	(76.0, 0.03872905699995801)	(77.0, 0.018897913355401197)	(78.0, 0.008632380174689435)	(79.0, 0.00699922716866711)	(80.0, 0.006299304451800399)	(81.0, 0.002099768150600133)	(82.0, 0.0)	(83.0, 0.0)	(84.0, 0.0)	(85.0, 0.0)	(86.0, 0.0)	(87.0, 0.0)	(88.0, 0.0)	(89.0, 0.0)	(90.0, 0.0)	(91.0, 0.0)	(92.0, 0.0)	(93.0, 0.0)	(94.0, 0.0)	(95.0, 0.0)	(96.0, 0.0)	(97.0, 0.0)	(98.0, 0.0)	(99.0, 0.0)	(100.0, 0.0)
SRR23106236_2	(0.0, 0.0)	(1.0, 0.0)	(2.0, 0.0)	(3.0, 0.0)	(4.0, 0.0)	(5.0, 0.0)	(6.0, 0.0)	(7.0, 0.0)	(8.0, 0.0)	(9.0, 0.0)	(10.0, 0.0)	(11.0, 0.0)	(12.0, 0.0)	(13.0, 0.0)	(14.0, 0.0)	(15.0, 0.0)	(16.0, 0.0)	(17.0, 0.0)	(18.0, 0.00023386656859862966)	(19.0, 0.0)	(20.0, 0.000701599705795889)	(21.0, 0.001403199411591778)	(22.0, 0.002104799117387667)	(23.0, 0.003507998528979445)	(24.0, 0.005086597867020195)	(25.0, 0.009296196101795528)	(26.0, 0.0157859933804075)	(27.0, 0.021515724311073924)	(28.0, 0.03420298565754959)	(29.0, 0.06542417256546663)	(30.0, 0.10103035763460799)	(31.0, 0.12307228172502901)	(32.0, 0.14417873954105548)	(33.0, 0.18083732416889103)	(34.0, 0.2070888464940866)	(35.0, 0.2544468266353083)	(36.0, 0.32144959853881466)	(37.0, 0.3767590420123907)	(38.0, 0.4345240844562542)	(39.0, 0.5028715891292053)	(40.0, 0.5590580322350294)	(41.0, 0.6181678074483341)	(42.0, 0.7426432885849563)	(43.0, 0.8423873800922657)	(44.0, 0.9647580621114896)	(45.0, 1.1115093339071165)	(46.0, 1.3161425814309058)	(47.0, 1.5721680074042663)	(48.0, 1.8073208421302218)	(49.0, 2.137131170496486)	(50.0, 2.5258758741496155)	(51.0, 2.927190905864901)	(52.0, 3.3721220526236695)	(53.0, 3.855114983421841)	(54.0, 4.291860800279655)	(55.0, 4.788417992056552)	(56.0, 5.318885836280245)	(57.0, 5.660097159865534)	(58.0, 5.9865164229872)	(59.0, 6.0974276431451795)	(60.0, 6.146422689266616)	(61.0, 6.005167281832981)	(62.0, 5.563393333750077)	(63.0, 4.957386587869035)	(64.0, 4.308640726576616)	(65.0, 3.583186630783873)	(66.0, 2.8365676105329185)	(67.0, 2.185892350049297)	(68.0, 1.644783576954152)	(69.0, 1.1823709041925061)	(70.0, 0.834026650264863)	(71.0, 0.5667756289987822)	(72.0, 0.3349553928753858)	(73.0, 0.2180221085760724)	(74.0, 0.14441260610965384)	(75.0, 0.08313956513681281)	(76.0, 0.0476503133519708)	(77.0, 0.023795923354910566)	(78.0, 0.01175179507208114)	(79.0, 0.0073667969108568345)	(80.0, 0.006665197205060945)	(81.0, 0.002981798749632528)	(82.0, 0.00017539992644897225)	(83.0, 0.0003507998528979445)	(84.0, 0.0003507998528979445)	(85.0, 0.0)	(86.0, 0.0003507998528979445)	(87.0, 0.00017539992644897225)	(88.0, 0.0)	(89.0, 0.0)	(90.0, 0.0)	(91.0, 0.0005261997793469167)	(92.0, 0.0)	(93.0, 0.0)	(94.0, 0.0003507998528979445)	(95.0, 0.0)	(96.0, 0.00017539992644897225)	(97.0, 0.0003507998528979445)	(98.0, 0.000701599705795889)	(99.0, 0.0003507998528979445)	(100.0, 0.0004677331371972593)
SRR23106237_1	(0.0, 0.0)	(1.0, 0.0)	(2.0, 0.0)	(3.0, 0.0)	(4.0, 0.0)	(5.0, 0.0)	(6.0, 0.0)	(7.0, 0.0)	(8.0, 0.0)	(9.0, 0.0)	(10.0, 0.0)	(11.0, 0.0)	(12.0, 0.0)	(13.0, 0.0)	(14.0, 0.0)	(15.0, 0.0)	(16.0, 0.0)	(17.0, 0.0)	(18.0, 0.0)	(19.0, 0.0)	(20.0, 0.00039374367549222975)	(21.0, 0.00039374367549222975)	(22.0, 0.00039374367549222975)	(23.0, 0.001574974701968919)	(24.0, 0.003937436754922297)	(25.0, 0.007940497455759967)	(26.0, 0.011549814481105408)	(27.0, 0.013518532858566558)	(28.0, 0.01949031193686537)	(29.0, 0.03563380263204681)	(30.0, 0.05788032029735778)	(31.0, 0.08347365920435261)	(32.0, 0.10532643319417134)	(33.0, 0.1335447299377814)	(34.0, 0.1826314414824798)	(35.0, 0.23289938405365407)	(36.0, 0.2748330854935757)	(37.0, 0.34091639903035376)	(38.0, 0.40798407175586265)	(39.0, 0.4663893836205453)	(40.0, 0.5336539281838043)	(41.0, 0.6473802264551485)	(42.0, 0.7492285905158083)	(43.0, 0.882379576778094)	(44.0, 1.032920908707945)	(45.0, 1.1931089606873535)	(46.0, 1.4229240192829655)	(47.0, 1.7002508147213276)	(48.0, 1.9647809407062293)	(49.0, 2.2318704005818373)	(50.0, 2.5879459311186963)	(51.0, 3.0082673047067185)	(52.0, 3.454903880606689)	(53.0, 3.941505439569041)	(54.0, 4.434013153663742)	(55.0, 4.8864246368041755)	(56.0, 5.381032317168193)	(57.0, 5.7466889438085245)	(58.0, 5.967054154192291)	(59.0, 6.10945811682861)	(60.0, 6.188928715332131)	(61.0, 6.0247376026519)	(62.0, 5.582169711398764)	(63.0, 4.9385956738068995)	(64.0, 4.247838019101896)	(65.0, 3.4801034758381832)	(66.0, 2.7063971534959452)	(67.0, 2.0871695998384157)	(68.0, 1.5467564052252702)	(69.0, 1.0764952087957487)	(70.0, 0.7296070306871097)	(71.0, 0.45641454384140934)	(72.0, 0.2666957162000698)	(73.0, 0.1552662560357694)	(74.0, 0.10900137416543221)	(75.0, 0.06680517694184832)	(76.0, 0.03596192236162365)	(77.0, 0.01778408934306571)	(78.0, 0.013781028642228044)	(79.0, 0.008268617185336825)	(80.0, 0.0027562057284456084)	(81.0, 0.0011812310264766894)	(82.0, 0.0)	(83.0, 0.00039374367549222975)	(84.0, 0.00039374367549222975)	(85.0, 0.0)	(86.0, 0.0)	(87.0, 0.0)	(88.0, 0.0)	(89.0, 0.0)	(90.0, 0.0)	(91.0, 0.0)	(92.0, 0.0)	(93.0, 0.0)	(94.0, 0.0)	(95.0, 0.0)	(96.0, 0.0)	(97.0, 0.0)	(98.0, 0.0)	(99.0, 0.0)	(100.0, 0.0)
SRR23106237_2	(0.0, 0.0)	(1.0, 0.0)	(2.0, 0.0)	(3.0, 0.0)	(4.0, 0.0)	(5.0, 0.0)	(6.0, 0.0)	(7.0, 0.0)	(8.0, 0.0)	(9.0, 0.0)	(10.0, 0.0)	(11.0, 0.0)	(12.0, 0.0)	(13.0, 0.0)	(14.0, 0.0)	(15.0, 0.0)	(16.0, 0.0)	(17.0, 0.0)	(18.0, 0.0)	(19.0, 0.0)	(20.0, 0.000395620220413228)	(21.0, 0.000395620220413228)	(22.0, 0.000395620220413228)	(23.0, 0.002241847915674959)	(24.0, 0.0039562022041322795)	(25.0, 0.0067255437470248765)	(26.0, 0.009099265069504245)	(27.0, 0.013385150790647546)	(28.0, 0.023143782894173837)	(29.0, 0.03422114906574423)	(30.0, 0.05090313502650204)	(31.0, 0.0785965504554279)	(32.0, 0.11749920546272868)	(33.0, 0.1478300890277431)	(34.0, 0.18257873172070516)	(35.0, 0.23143782894173873)	(36.0, 0.26209839602376317)	(37.0, 0.3212436189755394)	(38.0, 0.3806525887409249)	(39.0, 0.46861215107946796)	(40.0, 0.5579563841894586)	(41.0, 0.6539602243430727)	(42.0, 0.734468939197167)	(43.0, 0.8910686097774005)	(44.0, 1.047008913323602)	(45.0, 1.2174552916182884)	(46.0, 1.4145400980874614)	(47.0, 1.6777594180690576)	(48.0, 1.9370225358465671)	(49.0, 2.2167260316787645)	(50.0, 2.5765426221446424)	(51.0, 3.0306486984756957)	(52.0, 3.470710256981964)	(53.0, 3.8992988290961703)	(54.0, 4.3170737818524225)	(55.0, 4.71269400226553)	(56.0, 5.231220237820306)	(57.0, 5.661061607299164)	(58.0, 5.867773172465046)	(59.0, 6.0368348799882385)	(60.0, 6.134091517506463)	(61.0, 5.992855098818986)	(62.0, 5.55305728712642)	(63.0, 4.970770259381706)	(64.0, 4.2724346336491426)	(65.0, 3.5364491502739335)	(66.0, 2.827365841886646)	(67.0, 2.2281990180707383)	(68.0, 1.6736713424581304)	(69.0, 1.1910806102574123)	(70.0, 0.7944713392931725)	(71.0, 0.5146359700542087)	(72.0, 0.3233535934844107)	(73.0, 0.21093151418365297)	(74.0, 0.13470868505070427)	(75.0, 0.07028852582675013)	(76.0, 0.03560581983719052)	(77.0, 0.016747922664159982)	(78.0, 0.011209239578374795)	(79.0, 0.008308024628677788)	(80.0, 0.003560581983719052)	(81.0, 0.001186860661239684)	(82.0, 0.000197810110206614)	(83.0, 0.0)	(84.0, 0.000395620220413228)	(85.0, 0.000593430330619842)	(86.0, 0.000395620220413228)	(87.0, 0.000395620220413228)	(88.0, 0.000197810110206614)	(89.0, 0.000197810110206614)	(90.0, 0.000197810110206614)	(91.0, 0.000395620220413228)	(92.0, 0.0)	(93.0, 0.000197810110206614)	(94.0, 0.000791240440826456)	(95.0, 0.000791240440826456)	(96.0, 0.000197810110206614)	(97.0, 0.000593430330619842)	(98.0, 0.000791240440826456)	(99.0, 0.000395620220413228)	(100.0, 0.0010549872544352746)
SRR23106238_1	(0.0, 0.0)	(1.0, 0.0)	(2.0, 0.0)	(3.0, 0.0)	(4.0, 0.0)	(5.0, 0.0)	(6.0, 0.0)	(7.0, 0.0)	(8.0, 0.0)	(9.0, 0.0)	(10.0, 0.0)	(11.0, 0.0)	(12.0, 0.0)	(13.0, 0.0003363820762174346)	(14.0, 0.0003363820762174346)	(15.0, 0.0003363820762174346)	(16.0, 0.001065209908021876)	(17.0, 0.0037002028383917797)	(18.0, 0.006223068410022539)	(19.0, 0.011268799553284057)	(20.0, 0.015473575506001988)	(21.0, 0.021472389198546236)	(22.0, 0.02943343166902553)	(23.0, 0.03610500951400466)	(24.0, 0.048607210013419305)	(25.0, 0.08106808036840167)	(26.0, 0.1353937856775175)	(27.0, 0.1977926608158516)	(28.0, 0.28727029308968827)	(29.0, 0.3995658428669425)	(30.0, 0.5830062017641885)	(31.0, 0.8564287660495866)	(32.0, 1.2558264178783929)	(33.0, 1.7925240204833603)	(34.0, 2.4380972884240943)	(35.0, 3.3204835380216617)	(36.0, 4.440916170222209)	(37.0, 5.609899948756887)	(38.0, 6.758644739040179)	(39.0, 7.875825677838383)	(40.0, 8.700298146647794)	(41.0, 9.044136692221588)	(42.0, 8.820778993613082)	(43.0, 8.207778723385763)	(44.0, 7.083253442590166)	(45.0, 5.7553851967210585)	(46.0, 4.462332495741417)	(47.0, 3.27501589405295)	(48.0, 2.2715881606964143)	(49.0, 1.5453953218222518)	(50.0, 1.1367471628974335)	(51.0, 0.8857500703598722)	(52.0, 0.7101586265743797)	(53.0, 0.5323806992934623)	(54.0, 0.38224216594174404)	(55.0, 0.2525108118805536)	(56.0, 0.16051031403508617)	(57.0, 0.09743867474431683)	(58.0, 0.06828556147213914)	(59.0, 0.05028912039450646)	(60.0, 0.048439018975310576)	(61.0, 0.0461964718005277)	(62.0, 0.0389081934824833)	(63.0, 0.037506601498243974)	(64.0, 0.036889901025178674)	(65.0, 0.024163445808285715)	(66.0, 0.01766005900141531)	(67.0, 0.017828250039524027)	(68.0, 0.01681910381087172)	(69.0, 0.018388886833219747)	(70.0, 0.015249320788523698)	(71.0, 0.011661245308871063)	(72.0, 0.010035398607153467)	(73.0, 0.004541158028935366)	(74.0, 0.002634992930369904)	(75.0, 0.0006727641524348692)	(76.0, 0.0010091462286523037)	(77.0, 0.0010091462286523037)	(78.0, 0.0003363820762174346)	(79.0, 0.0)	(80.0, 0.0)	(81.0, 0.0003363820762174346)	(82.0, 0.0003363820762174346)	(83.0, 0.0)	(84.0, 0.0)	(85.0, 0.0)	(86.0, 0.0)	(87.0, 0.0)	(88.0, 0.0)	(89.0, 0.0)	(90.0, 0.0)	(91.0, 0.0)	(92.0, 0.0)	(93.0, 0.0)	(94.0, 0.0)	(95.0, 0.0)	(96.0, 0.0)	(97.0, 0.0)	(98.0, 0.0)	(99.0, 0.0)	(100.0, 0.0)
SRR23106238_2	(0.0, 0.0)	(1.0, 0.0)	(2.0, 0.0)	(3.0, 0.0)	(4.0, 0.0)	(5.0, 0.0)	(6.0, 0.0)	(7.0, 0.0)	(8.0, 0.0)	(9.0, 0.0)	(10.0, 0.0)	(11.0, 0.0003362846043863678)	(12.0, 0.0003362846043863678)	(13.0, 0.0)	(14.0, 0.0001681423021931839)	(15.0, 0.001233043549416682)	(16.0, 0.0019056127581894176)	(17.0, 0.0026902768350909423)	(18.0, 0.0061652177470834105)	(19.0, 0.008743399714045563)	(20.0, 0.010649012472234981)	(21.0, 0.015861423840223682)	(22.0, 0.028640238806905666)	(23.0, 0.040186010224170975)	(24.0, 0.05767280965226206)	(25.0, 0.08401510366252748)	(26.0, 0.12733977019430473)	(27.0, 0.18221020814334712)	(28.0, 0.2663374066740027)	(29.0, 0.39681583317591396)	(30.0, 0.582837266835644)	(31.0, 0.8479416299602259)	(32.0, 1.2248606240432547)	(33.0, 1.7943586015716155)	(34.0, 2.4770163484760492)	(35.0, 3.332580429468894)	(36.0, 4.396080490840446)	(37.0, 5.57761644835163)	(38.0, 6.792612724000365)	(39.0, 7.84019531409868)	(40.0, 8.657703187362433)	(41.0, 9.080244792774101)	(42.0, 8.8598102345987)	(43.0, 8.20708181748436)	(44.0, 7.091065310393476)	(45.0, 5.785104049258209)	(46.0, 4.467372826970386)	(47.0, 3.2874061976130005)	(48.0, 2.2954226621073643)	(49.0, 1.556381196534164)	(50.0, 1.1392201447928685)	(51.0, 0.8597676385478117)	(52.0, 0.6852359288712965)	(53.0, 0.5098635076838004)	(54.0, 0.39339693969798534)	(55.0, 0.25524001472925273)	(56.0, 0.1667971637756388)	(57.0, 0.10828364261241039)	(58.0, 0.0713483835639743)	(59.0, 0.05789699938851964)	(60.0, 0.05156363933924308)	(61.0, 0.04438956777900058)	(62.0, 0.03962553588352703)	(63.0, 0.039233203845076274)	(64.0, 0.03261960662547769)	(65.0, 0.026790673482780636)	(66.0, 0.021970594153242685)	(67.0, 0.022475021059822242)	(68.0, 0.019392412186280534)	(69.0, 0.015188854631450942)	(70.0, 0.015132807197386548)	(71.0, 0.012106245757909242)	(72.0, 0.00952806379094709)	(73.0, 0.006445454917405382)	(74.0, 0.0029705140054129154)	(75.0, 0.0018495653241250229)	(76.0, 0.0017374704559962335)	(77.0, 0.0018495653241250229)	(78.0, 0.0010088538131591035)	(79.0, 0.0003362846043863678)	(80.0, 0.0)	(81.0, 0.0)	(82.0, 0.0)	(83.0, 0.0001681423021931839)	(84.0, 0.0003362846043863678)	(85.0, 0.0001681423021931839)	(86.0, 0.0001681423021931839)	(87.0, 0.0)	(88.0, 0.0)	(89.0, 0.0)	(90.0, 0.0)	(91.0, 0.0)	(92.0, 0.0)	(93.0, 0.0)	(94.0, 0.0)	(95.0, 0.0001681423021931839)	(96.0, 0.0001681423021931839)	(97.0, 0.0)	(98.0, 0.0001681423021931839)	(99.0, 0.0001681423021931839)	(100.0, 0.00022418973625757852)
SRR23106336_1	(0.0, 0.0)	(1.0, 0.0)	(2.0, 0.0)	(3.0, 0.0)	(4.0, 0.0)	(5.0, 0.0)	(6.0, 0.0)	(7.0, 0.0)	(8.0, 0.0)	(9.0, 0.0)	(10.0, 0.0)	(11.0, 0.0)	(12.0, 0.0)	(13.0, 0.0)	(14.0, 0.0)	(15.0, 0.0)	(16.0, 0.0)	(17.0, 0.0)	(18.0, 0.0)	(19.0, 0.0)	(20.0, 0.0)	(21.0, 0.0)	(22.0, 0.0)	(23.0, 0.0)	(24.0, 0.00024216637193001303)	(25.0, 0.0013319150456150718)	(26.0, 0.0013319150456150718)	(27.0, 0.0010897486736850587)	(28.0, 0.0014529982315800783)	(29.0, 0.001816247789475098)	(30.0, 0.003269246021055176)	(31.0, 0.004056286729827718)	(32.0, 0.00593307611228532)	(33.0, 0.007386074343865398)	(34.0, 0.012895359305273196)	(35.0, 0.01525648143159082)	(36.0, 0.018283561080715983)	(37.0, 0.03305570976844679)	(38.0, 0.042560739866699816)	(39.0, 0.050854938105302755)	(40.0, 0.06471896289829591)	(41.0, 0.08639285318603204)	(42.0, 0.11835881428079392)	(43.0, 0.1466317382036232)	(44.0, 0.1708483753966246)	(45.0, 0.19906075772647103)	(46.0, 0.24616211706685762)	(47.0, 0.29786463747391495)	(48.0, 0.3351582587511363)	(49.0, 0.3802012039301182)	(50.0, 0.4523062411722823)	(51.0, 0.5552269492425407)	(52.0, 0.6781869245900087)	(53.0, 0.8042345211795788)	(54.0, 0.9420271868077479)	(55.0, 1.1943040047658233)	(56.0, 1.4732796652291764)	(57.0, 1.7564326956083811)	(58.0, 2.116715715447303)	(59.0, 2.5394171176511953)	(60.0, 3.0555947394200564)	(61.0, 3.680565603778261)	(62.0, 4.449746542620754)	(63.0, 5.32366443732293)	(64.0, 6.2473475214569785)	(65.0, 7.027668113408951)	(66.0, 7.636958705185217)	(67.0, 7.993669771038267)	(68.0, 7.898377303683782)	(69.0, 7.340244357977762)	(70.0, 6.482188360636269)	(71.0, 5.392258062172122)	(72.0, 4.183181908718887)	(73.0, 3.0098252951252844)	(74.0, 2.0911066216157)	(75.0, 1.3884003518677202)	(76.0, 0.8745838522252432)	(77.0, 0.5049168854740785)	(78.0, 0.2892071896774176)	(79.0, 0.1728462479650469)	(80.0, 0.09662438240007519)	(81.0, 0.05218685315091781)	(82.0, 0.028696715073706552)	(83.0, 0.013076984084220703)	(84.0, 0.005811992926320313)	(85.0, 0.0010897486736850587)	(86.0, 0.0003632495578950196)	(87.0, 0.0003632495578950196)	(88.0, 0.0003632495578950196)	(89.0, 0.0)	(90.0, 0.0003632495578950196)	(91.0, 0.0003632495578950196)	(92.0, 0.0)	(93.0, 0.0)	(94.0, 0.0)	(95.0, 0.0)	(96.0, 0.0)	(97.0, 0.0)	(98.0, 0.0)	(99.0, 0.0)	(100.0, 0.0)
SRR23106336_2	(0.0, 0.0)	(1.0, 0.0)	(2.0, 0.0)	(3.0, 0.0)	(4.0, 0.0)	(5.0, 0.0)	(6.0, 0.0)	(7.0, 0.0)	(8.0, 0.0)	(9.0, 0.0)	(10.0, 0.0)	(11.0, 0.0)	(12.0, 0.0)	(13.0, 0.0)	(14.0, 0.0)	(15.0, 0.0)	(16.0, 0.0)	(17.0, 0.0)	(18.0, 0.0)	(19.0, 0.0)	(20.0, 0.0)	(21.0, 0.0)	(22.0, 0.0)	(23.0, 0.0)	(24.0, 0.0)	(25.0, 0.00024333179628748962)	(26.0, 0.0007299953888624689)	(27.0, 0.0007299953888624689)	(28.0, 0.0009733271851499585)	(29.0, 0.002068320268443662)	(30.0, 0.00328497924988111)	(31.0, 0.004440805282246687)	(32.0, 0.0056574642636841345)	(33.0, 0.008516612870062137)	(34.0, 0.00875994466634963)	(35.0, 0.015025738420752482)	(36.0, 0.021656529869586574)	(37.0, 0.032119797109948646)	(38.0, 0.04167057011423262)	(39.0, 0.053046331590672756)	(40.0, 0.06703790987720336)	(41.0, 0.0883294420523586)	(42.0, 0.11302761937553897)	(43.0, 0.13967245106901927)	(44.0, 0.17142725048453697)	(45.0, 0.20883951416373792)	(46.0, 0.24953675709282003)	(47.0, 0.2797707327815403)	(48.0, 0.3367103731128121)	(49.0, 0.39583999961067196)	(50.0, 0.45801127356212823)	(51.0, 0.5541273330956896)	(52.0, 0.6568133511290128)	(53.0, 0.8011091063274948)	(54.0, 0.9775246586359131)	(55.0, 1.1774217292860736)	(56.0, 1.4127844092451307)	(57.0, 1.71926080666925)	(58.0, 2.0854751600819665)	(59.0, 2.4843568071462836)	(60.0, 2.988357790206814)	(61.0, 3.600884754411341)	(62.0, 4.295718698710065)	(63.0, 5.123350970832655)	(64.0, 6.013884512295583)	(65.0, 6.785550471272773)	(66.0, 7.439687172642934)	(67.0, 7.822204756407059)	(68.0, 7.771226745084833)	(69.0, 7.299223893235891)	(70.0, 6.5556019237809435)	(71.0, 5.541455829803608)	(72.0, 4.394754739799101)	(73.0, 3.3291439709073485)	(74.0, 2.412695593139589)	(75.0, 1.5931541032432484)	(76.0, 1.0203510547825114)	(77.0, 0.6162377740980699)	(78.0, 0.3612868845378496)	(79.0, 0.20786618697858802)	(80.0, 0.11521760554212637)	(81.0, 0.06904539719657518)	(82.0, 0.03260646070252362)	(83.0, 0.016485729198477423)	(84.0, 0.008942443513565245)	(85.0, 0.0036499769443123446)	(86.0, 0.0012774919305093206)	(87.0, 0.0005474965416468517)	(88.0, 0.0009124942360780861)	(89.0, 0.0005474965416468517)	(90.0, 0.0)	(91.0, 0.00018249884721561723)	(92.0, 0.0005474965416468517)	(93.0, 0.0005474965416468517)	(94.0, 0.0)	(95.0, 0.0)	(96.0, 0.00018249884721561723)	(97.0, 0.0)	(98.0, 0.0)	(99.0, 0.00018249884721561723)	(100.0, 0.00048666359257497924)
SRR23106353_1	(0.0, 0.0)	(1.0, 0.0)	(2.0, 0.0)	(3.0, 0.0)	(4.0, 0.0)	(5.0, 0.0)	(6.0, 0.0)	(7.0, 0.0)	(8.0, 0.0)	(9.0, 0.0)	(10.0, 0.0)	(11.0, 0.0)	(12.0, 0.0002731422005610137)	(13.0, 0.0010925688022440547)	(14.0, 0.002913516805984146)	(15.0, 0.004006085608228201)	(16.0, 0.004279227808789215)	(17.0, 0.00696512611430585)	(18.0, 0.012519017525713128)	(19.0, 0.018710240738429435)	(20.0, 0.029408310260402484)	(21.0, 0.04606998449462431)	(22.0, 0.06578174663511077)	(23.0, 0.08663160127793487)	(24.0, 0.1218214214502122)	(25.0, 0.18760316808532276)	(26.0, 0.27373400866222863)	(27.0, 0.3523079150236144)	(28.0, 0.5018532698307712)	(29.0, 0.7251470187893966)	(30.0, 1.0111269027767675)	(31.0, 1.3380325931482202)	(32.0, 1.7704166966363566)	(33.0, 2.4002370874299825)	(34.0, 3.0952018930572005)	(35.0, 3.882534286174069)	(36.0, 4.88000407892286)	(37.0, 5.843649762502743)	(38.0, 6.574487243804306)	(39.0, 7.120680597526498)	(40.0, 7.736889401992506)	(41.0, 8.044356472424184)	(42.0, 7.796980686115949)	(43.0, 7.24477820398138)	(44.0, 6.3256546990929765)	(45.0, 5.162068924702406)	(46.0, 4.136784151196237)	(47.0, 3.2569475994893793)	(48.0, 2.5230145065821232)	(49.0, 1.9541048265136585)	(50.0, 1.4450132883679614)	(51.0, 1.0859223420303814)	(52.0, 0.8726438070923368)	(53.0, 0.6435685482218434)	(54.0, 0.42623840397546503)	(55.0, 0.2656307900455847)	(56.0, 0.18810392878635135)	(57.0, 0.12660140996003005)	(58.0, 0.10538736571645788)	(59.0, 0.0783462878609174)	(60.0, 0.051578352205938066)	(61.0, 0.044658749791725745)	(62.0, 0.030774021263207565)	(63.0, 0.02066775984245003)	(64.0, 0.017390053435717867)	(65.0, 0.012245875325152112)	(66.0, 0.00755693421552138)	(67.0, 0.007465886815334374)	(68.0, 0.006145699512622809)	(69.0, 0.005508367711313776)	(70.0, 0.004506846309256726)	(71.0, 0.003960561908134699)	(72.0, 0.002503803505142626)	(73.0, 0.0028224694057971413)	(74.0, 0.001957519104020598)	(75.0, 0.0009559977019635479)	(76.0, 0.0004552370009350228)	(77.0, 0.00013657110028050684)	(78.0, 0.0002731422005610137)	(79.0, 0.0005462844011220274)	(80.0, 0.0005462844011220274)	(81.0, 0.0002731422005610137)	(82.0, 0.0)	(83.0, 0.0002731422005610137)	(84.0, 0.0002731422005610137)	(85.0, 0.0)	(86.0, 0.0)	(87.0, 0.0)	(88.0, 0.0)	(89.0, 0.0)	(90.0, 0.0)	(91.0, 0.0)	(92.0, 0.0)	(93.0, 0.0)	(94.0, 0.0)	(95.0, 0.0)	(96.0, 0.0)	(97.0, 0.0)	(98.0, 0.0)	(99.0, 0.0)	(100.0, 0.0)
SRR23106353_2	(0.0, 0.0)	(1.0, 0.0)	(2.0, 0.0)	(3.0, 0.0)	(4.0, 0.0)	(5.0, 0.0)	(6.0, 0.0)	(7.0, 0.0)	(8.0, 0.0)	(9.0, 0.0)	(10.0, 0.0)	(11.0, 0.0)	(12.0, 0.00027270954660672266)	(13.0, 0.0010908381864268906)	(14.0, 0.0021816763728537813)	(15.0, 0.003999740016898599)	(16.0, 0.005363287749932212)	(17.0, 0.008499447535909524)	(18.0, 0.012635542326111483)	(19.0, 0.014862670290066382)	(20.0, 0.022725795550560222)	(21.0, 0.04077007721770504)	(22.0, 0.06735925801186048)	(23.0, 0.08885786060269049)	(24.0, 0.12730990667423847)	(25.0, 0.18466981464385224)	(26.0, 0.27275499819782323)	(27.0, 0.3720667247537726)	(28.0, 0.49746766460176584)	(29.0, 0.693636731794198)	(30.0, 0.9731640170660786)	(31.0, 1.3149145305554124)	(32.0, 1.7633399283591193)	(33.0, 2.413343132696259)	(34.0, 3.0707094947915916)	(35.0, 3.843204737145999)	(36.0, 4.822504719010748)	(37.0, 5.841029423996416)	(38.0, 6.658521741541712)	(39.0, 7.1395813817562885)	(40.0, 7.676546479025226)	(41.0, 8.04720420445509)	(42.0, 7.862898002539909)	(43.0, 7.248528845625588)	(44.0, 6.33290654289294)	(45.0, 5.186935576459773)	(46.0, 4.1383219181655075)	(47.0, 3.2276538388637284)	(48.0, 2.539653104366236)	(49.0, 1.963099671248568)	(50.0, 1.4132263221071464)	(51.0, 1.0932016691641262)	(52.0, 0.8698070989021315)	(53.0, 0.6438217879473721)	(54.0, 0.4602428114899486)	(55.0, 0.29643527716150675)	(56.0, 0.2085773515630414)	(57.0, 0.13626387012115937)	(58.0, 0.10022075837797066)	(59.0, 0.07704044691639915)	(60.0, 0.05536003796116468)	(61.0, 0.04004285176008713)	(62.0, 0.026589180794155474)	(63.0, 0.02154405418193109)	(64.0, 0.014408154379055174)	(65.0, 0.010681123908763307)	(66.0, 0.010181156406650982)	(67.0, 0.009726640495639774)	(68.0, 0.0070904482117747905)	(69.0, 0.004408804336808683)	(70.0, 0.003272514559280672)	(71.0, 0.0036361272880896358)	(72.0, 0.002681643874966106)	(73.0, 0.0019544184173481793)	(74.0, 0.0012726445508313723)	(75.0, 0.001227192959730252)	(76.0, 0.001227192959730252)	(77.0, 0.0005454190932134453)	(78.0, 0.00027270954660672266)	(79.0, 0.000409064319910084)	(80.0, 0.0006817738665168068)	(81.0, 0.0005454190932134453)	(82.0, 0.0005454190932134453)	(83.0, 0.000409064319910084)	(84.0, 0.0)	(85.0, 0.0)	(86.0, 0.00027270954660672266)	(87.0, 0.00013635477330336133)	(88.0, 0.0)	(89.0, 0.00013635477330336133)	(90.0, 0.00013635477330336133)	(91.0, 0.00013635477330336133)	(92.0, 0.00027270954660672266)	(93.0, 0.00013635477330336133)	(94.0, 0.0)	(95.0, 0.00013635477330336133)	(96.0, 0.0)	(97.0, 0.0)	(98.0, 0.00013635477330336133)	(99.0, 0.0)	(100.0, 0.00036361272880896357)
