Sample	0	1	2	3	4	5	6	7	8	9	10	11	12	13	14	15
SRR23106236_1	(1.0, 85.69374597754192)	(2.0, 11.283506057613273)	(3.0, 2.1028470141695608)	(4.0, 0.4706519115735855)	(5.0, 0.17956679378623805)	(6.0, 0.09428187571843269)	(7.0, 0.056122861233415755)	(8.0, 0.02007505944872064)	(9.0, 0.03192965970988213)	('>10', 0.06727278920495848)	('>50', 0.0)	('>100', 0.0)	('>500', 0.0)	('>1k', 0.0)	('>5k', 0.0)	('>10k+', 0.0)
SRR23106236_2	(1.0, 86.26701543476347)	(2.0, 10.902108735722424)	(3.0, 1.8890766105219972)	(4.0, 0.4843766396756043)	(5.0, 0.20309553436751981)	(6.0, 0.08533801326650205)	(7.0, 0.03827817534731192)	(8.0, 0.051635254867992884)	(9.0, 0.025549285883830757)	('>10', 0.053526315583335364)	('>50', 0.0)	('>100', 0.0)	('>500', 0.0)	('>1k', 0.0)	('>5k', 0.0)	('>10k+', 0.0)
SRR23106237_1	(1.0, 86.29436316405562)	(2.0, 10.936979526875247)	(3.0, 1.8634396571649903)	(4.0, 0.5057667775868209)	(5.0, 0.19511669120829178)	(6.0, 0.07989946012560287)	(7.0, 0.04289912066413158)	(8.0, 0.030230248656317925)	(9.0, 0.013491502123419371)	('>10', 0.03781385153959927)	('>50', 0.0)	('>100', 0.0)	('>500', 0.0)	('>1k', 0.0)	('>5k', 0.0)	('>10k+', 0.0)
SRR23106237_2	(1.0, 86.59595673244118)	(2.0, 10.670431884350874)	(3.0, 1.878784864669108)	(4.0, 0.49379688836640745)	(5.0, 0.16873138515837713)	(6.0, 0.07991111707240423)	(7.0, 0.03754021337336575)	(8.0, 0.027208700265311376)	(9.0, 0.013491863404494287)	('>10', 0.034146350898481524)	('>50', 0.0)	('>100', 0.0)	('>500', 0.0)	('>1k', 0.0)	('>5k', 0.0)	('>10k+', 0.0)
SRR23106238_1	(1.0, 78.45997165883163)	(2.0, 15.219897958933029)	(3.0, 3.9847212955821067)	(4.0, 1.258863773075012)	(5.0, 0.4747424869589407)	(6.0, 0.21883400840595332)	(7.0, 0.09657359571534715)	(8.0, 0.05148387403511478)	(9.0, 0.03187042360075613)	('>10', 0.20304092486209888)	('>50', 0.0)	('>100', 0.0)	('>500', 0.0)	('>1k', 0.0)	('>5k', 0.0)	('>10k+', 0.0)
SRR23106238_2	(1.0, 78.97466141239403)	(2.0, 15.038089594493135)	(3.0, 3.747724030027665)	(4.0, 1.208222071817127)	(5.0, 0.4284071697614406)	(6.0, 0.2389811360170837)	(7.0, 0.09912181740563189)	(8.0, 0.09438372978133237)	(9.0, 0.038240228392628854)	('>10', 0.1321688099099655)	('>50', 0.0)	('>100', 0.0)	('>500', 0.0)	('>1k', 0.0)	('>5k', 0.0)	('>10k+', 0.0)
SRR23106336_1	(1.0, 90.19096312447472)	(2.0, 8.525324191948462)	(3.0, 1.0783352963217745)	(4.0, 0.1600780805623339)	(5.0, 0.03559317012975413)	(6.0, 0.009706136562971824)	(7.0, 0.0)	(8.0, 0.0)	(9.0, 0.0)	('>10', 0.0)	('>50', 0.0)	('>100', 0.0)	('>500', 0.0)	('>1k', 0.0)	('>5k', 0.0)	('>10k+', 0.0)
SRR23106336_2	(1.0, 90.9304976513292)	(2.0, 8.00381730712804)	(3.0, 0.8860164185741799)	(4.0, 0.14236564523157208)	(5.0, 0.02931943742725153)	(6.0, 0.004853332217917094)	(7.0, 0.0)	(8.0, 0.003130208091832078)	(9.0, 0.0)	('>10', 0.0)	('>50', 0.0)	('>100', 0.0)	('>500', 0.0)	('>1k', 0.0)	('>5k', 0.0)	('>10k+', 0.0)
SRR23106353_1	(1.0, 67.56969774557223)	(2.0, 13.684920014089597)	(3.0, 4.605638566563356)	(4.0, 2.578530218534542)	(5.0, 1.6561057546482068)	(6.0, 1.3893392715119044)	(7.0, 1.0308763562637389)	(8.0, 0.8912435240901233)	(9.0, 0.7193887639396909)	('>10', 5.729373794617355)	('>50', 0.1448859901692819)	('>100', 0.0)	('>500', 0.0)	('>1k', 0.0)	('>5k', 0.0)	('>10k+', 0.0)
SRR23106353_2	(1.0, 67.72287772064351)	(2.0, 13.476601590445753)	(3.0, 4.558431195288907)	(4.0, 2.362290785758631)	(5.0, 1.73181237634661)	(6.0, 1.4181013600995047)	(7.0, 1.0580425566832448)	(8.0, 0.9014698060085237)	(9.0, 0.7727549561005365)	('>10', 5.761634838067288)	('>50', 0.2359828145575151)	('>100', 0.0)	('>500', 0.0)	('>1k', 0.0)	('>5k', 0.0)	('>10k+', 0.0)
