Sample	0	1	2	3	4	5	6	7	8	9	10	11	12	13	14	15	16	17	18	19	20	21	22	23	24	25	26	27	28	29	30	31	32	33	34	35	36	37	38	39	40	41	42	43	44	45	46	47	48	49	50	51	52	53	54	55	56	57	58	59	60	61	62	63	64	65	66	67
SRR23106236_1	(1, 33.88075975102001)	(2, 33.868181944773234)	(3, 33.89009301936975)	(4, 33.89134627435144)	(5, 33.89700332808823)	(6, 37.78635135699665)	(7, 37.78567251054823)	(8, 37.7315701892415)	(9, 37.7187243256792)	(10, 37.6883210560762)	(15, 37.691788394858875)	(20, 37.68170595853119)	(25, 37.66056006572626)	(30, 37.65382103179765)	(35, 37.62834484475476)	(40, 37.48092350040737)	(45, 37.52814533855694)	(50, 37.61186495873386)	(55, 37.60080357461637)	(60, 37.58928778237955)	(65, 37.56921987800174)	(70, 37.56691558321614)	(75, 37.548380648315245)	(80, 37.54450483782914)	(85, 37.53213302373283)	(90, 37.49553715189294)	(95, 37.472837805812404)	(100, 37.4513217436262)	(105, 37.442444104675396)	(110, 37.3482043854106)	(115, 37.36182524573026)	(120, 37.39510851499573)	(125, 37.36562875700653)	(130, 37.40443110426907)	(135, 37.39340394882358)	(140, 37.34770498434805)	(145, 37.28997405586947)	(150, 37.29755448038891)	(155, 37.27012039121552)	(160, 37.25161760220884)	(165, 37.19551076588846)	(170, 37.10792120994043)	(175, 37.0702125086128)	(180, 37.003865000136365)	(185, 36.92392239394553)	(190, 36.866202893392725)	(195, 36.8063006374088)	(200, 36.69224886701011)	(205, 36.56005569881326)	(210, 36.34983032407894)	(215, 36.225778421052944)	(220, 36.012363114586734)	(225, 35.70772839616605)	(230, 35.30097511553101)	(235, 35.03831470855713)	(240, 34.648477978746016)	(245, 34.33191503571673)	(250, 33.801725940708096)	(255, 33.35139790765991)	(260, 32.943453754609216)	(265, 32.54550907970318)	(270, 31.96565461887888)	(275, 31.28860792606161)	(280, 30.924654541140832)	(285, 30.380740731487396)	(290, 29.87237583812698)	(295, 29.30974663316034)	(300, 23.515378652264957)
SRR23106236_2	(1, 32.991467422333)	(2, 33.33638059961288)	(3, 33.503989528358375)	(4, 33.44249996518736)	(5, 33.423485302104076)	(6, 37.11301923050144)	(7, 36.77445239719828)	(8, 36.996010471641625)	(9, 37.147535961455446)	(10, 37.1933737624107)	(15, 37.14157743027029)	(20, 37.168578112598)	(25, 37.14760697923774)	(30, 37.0747950822081)	(35, 37.07668353869792)	(40, 37.04924508958788)	(45, 36.994888073903624)	(50, 36.92424969220504)	(55, 36.92558243562492)	(60, 36.62158784535704)	(65, 36.812442773075894)	(70, 36.81231010679803)	(75, 36.76963652856547)	(80, 36.75867456437932)	(85, 36.76685249429046)	(90, 36.73801864201247)	(95, 36.70703346245729)	(100, 36.61093778538052)	(105, 36.61922354302866)	(110, 36.50667907455473)	(115, 36.42819367657758)	(120, 36.43226662379665)	(125, 36.28562551706934)	(130, 36.25182745129776)	(135, 36.28997509807987)	(140, 36.17852452003749)	(145, 36.09493081219219)	(150, 36.020538806652254)	(155, 35.95714749262136)	(160, 35.750793768839934)	(165, 35.66281539691924)	(170, 35.511424936851256)	(175, 35.34123723066718)	(180, 35.118402914709385)	(185, 34.933221612718114)	(190, 34.790226224354356)	(195, 34.53573217526973)	(200, 34.21314519985081)	(205, 34.13869234248113)	(210, 33.85005965266559)	(215, 33.44686170270019)	(220, 32.834315435725856)	(225, 31.94099290954524)	(230, 31.193620561639136)	(235, 30.238298453710513)	(240, 29.38692583343974)	(245, 28.194696112467888)	(250, 27.167543954560767)	(255, 26.339764076715987)	(260, 25.558328308849944)	(265, 24.75967758257544)	(270, 24.16475454051719)	(275, 23.49089942525499)	(280, 22.713897870872074)	(285, 22.01374632175964)	(290, 21.344985554163245)	(295, 20.489265062164012)	(300, 16.585799564738046)
SRR23106237_1	(1, 33.86506787062831)	(2, 33.83222617138719)	(3, 33.87224656582749)	(4, 33.879842755909586)	(5, 33.89841204158692)	(6, 37.76479520582867)	(7, 37.75611648476698)	(8, 37.69153778513423)	(9, 37.67371851238814)	(10, 37.65259992167353)	(15, 37.646545876406734)	(20, 37.64347414856907)	(25, 37.615596574325174)	(30, 37.60604517811883)	(35, 37.579192850923086)	(40, 37.43450401079699)	(45, 37.48303728612193)	(50, 37.560281083360636)	(55, 37.55046341085709)	(60, 37.53109848528722)	(65, 37.50727623330379)	(70, 37.50179718390771)	(75, 37.4791357333073)	(80, 37.47963201295102)	(85, 37.46629179309083)	(90, 37.418191069619034)	(95, 37.39173702307181)	(100, 37.371524734984334)	(105, 37.35420379109574)	(110, 37.25813939984137)	(115, 37.27992086069059)	(120, 37.301526788633154)	(125, 37.27118005442004)	(130, 37.30967118555075)	(135, 37.29963681127045)	(140, 37.24258891353378)	(145, 37.18194374481503)	(150, 37.188349062935444)	(155, 37.165663443742034)	(160, 37.13148931640237)	(165, 37.07178648516711)	(170, 36.98003831586053)	(175, 36.93444598843506)	(180, 36.86415391225114)	(185, 36.77600051883385)	(190, 36.70743144116018)	(195, 36.6399852375648)	(200, 36.509093238418934)	(205, 36.3702185228699)	(210, 36.141094240596296)	(215, 36.02316820818017)	(220, 35.78185964101347)	(225, 35.47579972190471)	(230, 35.03574309912684)	(235, 34.74006927205176)	(240, 34.3380312500834)	(245, 33.96749657849557)	(250, 33.43148539292425)	(255, 32.93225237126707)	(260, 32.52018577771247)	(265, 32.08387522050378)	(270, 31.45503628590983)	(275, 30.70805169785482)	(280, 30.30393252539239)	(285, 29.711030001896226)	(290, 29.198798310156953)	(295, 28.629248668604298)	(300, 22.9862674729413)
SRR23106237_2	(1, 32.95406447894422)	(2, 33.329348042946556)	(3, 33.49425852169865)	(4, 33.429561593426484)	(5, 33.38999194567394)	(6, 37.066836127716485)	(7, 36.68630247319535)	(8, 36.955679038801165)	(9, 37.13176951326747)	(10, 37.172800023645735)	(15, 37.12338193023032)	(20, 37.14779244962351)	(25, 37.12465732167796)	(30, 37.05696477525474)	(35, 37.06165950052072)	(40, 37.03015108511396)	(45, 36.96416053683055)	(50, 36.89219751711424)	(55, 36.89052951975901)	(60, 36.577329235864696)	(65, 36.77270191856462)	(70, 36.77349875057532)	(75, 36.71897219129481)	(80, 36.71700041098101)	(85, 36.7197462867248)	(90, 36.68958435422379)	(95, 36.65273933221202)	(100, 36.556487643257164)	(105, 36.55910757358907)	(110, 36.444511877189065)	(115, 36.36579546763222)	(120, 36.367008322787505)	(125, 36.22080578624907)	(130, 36.179809957427096)	(135, 36.21412331916546)	(140, 36.09715756716789)	(145, 36.008182059260655)	(150, 35.92772184167051)	(155, 35.86458310914808)	(160, 35.656847268688395)	(165, 35.56121061125587)	(170, 35.41003788347263)	(175, 35.24539221895873)	(180, 35.00531471511776)	(185, 34.80803357082344)	(190, 34.66363855783361)	(195, 34.41505426547279)	(200, 34.07480477804178)	(205, 33.997161600983404)	(210, 33.70675694576268)	(215, 33.27367089730526)	(220, 32.65594046508063)	(225, 31.743486783109837)	(230, 30.99953977118601)	(235, 30.05101744531361)	(240, 29.139701293066565)	(245, 27.95266092729304)	(250, 26.916742312880626)	(255, 26.096428104830586)	(260, 25.317922284467635)	(265, 24.526082299742978)	(270, 23.908417494651665)	(275, 23.222270667600654)	(280, 22.471828954668602)	(285, 21.798474744314216)	(290, 21.146853790086322)	(295, 20.28474760713229)	(300, 16.42282545146958)
SRR23106238_1	(1, 33.87246774922633)	(2, 33.85070760457596)	(3, 33.88146319413053)	(4, 33.88764560659272)	(5, 33.90110226363921)	(6, 37.785295038075034)	(7, 37.77408463437533)	(8, 37.734563093292536)	(9, 37.70891894711221)	(10, 37.677019367850065)	(15, 37.68681108522549)	(20, 37.67308807677597)	(25, 37.65474390625543)	(30, 37.650718959083065)	(35, 37.63028994568608)	(40, 37.47669761694867)	(45, 37.535221866692574)	(50, 37.61790746107656)	(55, 37.61189210576124)	(60, 37.60054808551197)	(65, 37.58772234634788)	(70, 37.59098105808363)	(75, 37.572013224622054)	(80, 37.57481842439821)	(85, 37.56741784264983)	(90, 37.537065211391266)	(95, 37.519058996200044)	(100, 37.50101796658258)	(105, 37.494253064830204)	(110, 37.401287141796296)	(115, 37.42372187542586)	(120, 37.463924830965915)	(125, 37.44910821943105)	(130, 37.4829558135383)	(135, 37.487942613523686)	(140, 37.45720540816767)	(145, 37.416099475965694)	(150, 37.432975788775174)	(155, 37.417373853609476)	(160, 37.41008843677427)	(165, 37.375759119377946)	(170, 37.325941131063395)	(175, 37.298753863586505)	(180, 37.253627174410916)	(185, 37.2053526156222)	(190, 37.17663690133797)	(195, 37.13392515496555)	(200, 37.04530516824551)	(205, 36.96102091666666)	(210, 36.80911649669606)	(215, 36.74181509636098)	(220, 36.598528661292946)	(225, 36.41656572526501)	(230, 36.159007118835106)	(235, 35.986323542374876)	(240, 35.76349124507155)	(245, 35.54748525875159)	(250, 35.17474226729729)	(255, 34.86743743522334)	(260, 34.59464870551331)	(265, 34.33808103981729)	(270, 33.92561691789406)	(275, 33.429692334953)	(280, 33.15035546313027)	(285, 32.72581431061378)	(290, 32.3254721540106)	(295, 31.882192866446115)	(300, 26.415377035726607)
SRR23106238_2	(1, 33.2533467783998)	(2, 33.48437706457109)	(3, 33.56100351194409)	(4, 33.51974686185194)	(5, 33.52186445982127)	(6, 37.30068152578323)	(7, 36.99325428561494)	(8, 37.14502938210647)	(9, 37.27732883619041)	(10, 37.31825237317014)	(15, 37.29819395667444)	(20, 37.328720748287495)	(25, 37.32417469313954)	(30, 37.2776101954983)	(35, 37.29832275178524)	(40, 37.27427836748276)	(45, 37.23239960190595)	(50, 37.18550865504714)	(55, 37.192478163468145)	(60, 36.87898618131838)	(65, 37.11897946174645)	(70, 37.13399025511238)	(75, 37.11054716131868)	(80, 37.11889304970212)	(85, 37.13045987723066)	(90, 37.12444625404944)	(95, 37.10712197816008)	(100, 37.044426202385665)	(105, 37.05925578506103)	(110, 36.99272850840486)	(115, 36.95290377147253)	(120, 36.97917501834371)	(125, 36.89520554696773)	(130, 36.894851472189586)	(135, 36.939596350067205)	(140, 36.887996011721626)	(145, 36.85257768216236)	(150, 36.825695580739996)	(155, 36.81658341281177)	(160, 36.713083031452435)	(165, 36.6947915295334)	(170, 36.62835969520499)	(175, 36.54897426024813)	(180, 36.44049903105169)	(185, 36.349316109376275)	(190, 36.29073414380941)	(195, 36.171904770651636)	(200, 36.012603048191785)	(205, 35.99805116210725)	(210, 35.88589769027979)	(215, 35.67248285543504)	(220, 35.32218215718298)	(225, 34.78219444753357)	(230, 34.3753802888662)	(235, 33.89357389372999)	(240, 33.42856926386211)	(245, 32.79980695304853)	(250, 32.22392549315062)	(255, 31.6882464472521)	(260, 31.167357468303123)	(265, 30.613152452457165)	(270, 30.178812711234304)	(275, 29.62997216095198)	(280, 29.003599221793472)	(285, 28.483366691225662)	(290, 27.963727984292724)	(295, 27.14360539222891)	(300, 21.984021700475004)
SRR23106336_1	(1, 33.887674261499726)	(2, 33.86970690290487)	(3, 33.89218049499478)	(4, 33.89365826321931)	(5, 33.8930057421851)	(6, 37.775962660443405)	(7, 37.776323466191734)	(8, 37.726163790456305)	(9, 37.71773859239698)	(10, 37.685219247067494)	(15, 37.68280491924092)	(20, 37.6712161456734)	(25, 37.649659153718595)	(30, 37.64164379752445)	(35, 37.616440523255854)	(40, 37.47009672356692)	(45, 37.51363256719583)	(50, 37.600086689023314)	(55, 37.58478266171242)	(60, 37.568458836320175)	(65, 37.54380086804038)	(70, 37.54193441823324)	(75, 37.519957675599116)	(80, 37.50908005771511)	(85, 37.501144603665566)	(90, 37.46144317104802)	(95, 37.439117532963095)	(100, 37.415125230928496)	(105, 37.39812773543635)	(110, 37.30926143143679)	(115, 37.3105556271791)	(120, 37.331036388691956)	(125, 37.3004307665686)	(130, 37.33227497161446)	(135, 37.3251745336623)	(140, 37.263134280846245)	(145, 37.203287826263534)	(150, 37.200849293289785)	(155, 37.16618570321174)	(160, 37.14123417968404)	(165, 37.08283077774261)	(170, 36.986262106589294)	(175, 36.94045681500849)	(180, 36.86729223135218)	(185, 36.78622328771603)	(190, 36.7177718883818)	(195, 36.6402153181365)	(200, 36.49651953998411)	(205, 36.36043165816896)	(210, 36.095539525865334)	(215, 35.97031654831023)	(220, 35.71294059251609)	(225, 35.36470568251067)	(230, 34.87430484162553)	(235, 34.554948584589894)	(240, 34.11467822047881)	(245, 33.70129710469443)	(250, 33.12702623156246)	(255, 32.57391750343597)	(260, 32.0668808583808)	(265, 31.594331536365985)	(270, 30.903041162338486)	(275, 30.08613441952277)	(280, 29.620022216032744)	(285, 28.924270874042655)	(290, 28.312854609448813)	(295, 27.66615918875967)	(300, 21.77868745439393)
SRR23106336_2	(1, 32.84903350119757)	(2, 33.30732973039366)	(3, 33.392537462384084)	(4, 33.565728059939815)	(5, 33.51867745501443)	(6, 36.87483495056193)	(7, 36.83388733648591)	(8, 36.989590370324876)	(9, 37.11310876374132)	(10, 37.171827212430145)	(15, 37.11554688939384)	(20, 37.149575477491865)	(25, 37.110563931707915)	(30, 37.03211639026936)	(35, 37.013217032729536)	(40, 36.98439704398879)	(45, 36.93454296545649)	(50, 36.85539743228883)	(55, 36.83752340243263)	(60, 36.534289620229586)	(65, 36.68237985595729)	(70, 36.680679180114716)	(75, 36.61107658800755)	(80, 36.59324203274595)	(85, 36.59730116990001)	(90, 36.549900088023506)	(95, 36.48803545588712)	(100, 36.36590328398954)	(105, 36.3645050904037)	(110, 36.19820756906283)	(115, 36.09354546089948)	(120, 36.08825956494332)	(125, 35.887456993840104)	(130, 35.80129895022206)	(135, 35.82448181368879)	(140, 35.64622758005627)	(145, 35.50192250147649)	(150, 35.385697003695746)	(155, 35.27389971978772)	(160, 35.013034921799076)	(165, 34.87884473503722)	(170, 34.66713531858674)	(175, 34.42634328475786)	(180, 34.115330085880046)	(185, 33.868211681858185)	(190, 33.65528345136602)	(195, 33.27810717474394)	(200, 32.8369633918355)	(205, 32.65735188037526)	(210, 32.26216870492034)	(215, 31.661538889153746)	(220, 30.897325159637084)	(225, 29.821787908585854)	(230, 28.897241029770093)	(235, 27.73671799080526)	(240, 26.691961224610758)	(245, 25.298148617058878)	(250, 24.092238170279273)	(255, 23.178567490023887)	(260, 22.275543472000916)	(265, 21.444339235854788)	(270, 20.74158531440969)	(275, 20.04070346377727)	(280, 19.26799218468547)	(285, 18.54938390522328)	(290, 17.88844214799086)	(295, 17.101001641208644)	(300, 13.910031640539462)
SRR23106353_1	(1, 33.86573955066577)	(2, 33.84244704642435)	(3, 33.875179939334735)	(4, 33.88364030126986)	(5, 33.8951435658835)	(6, 37.77216788339931)	(7, 37.77122641509434)	(8, 37.71821500179939)	(9, 37.689543596730246)	(10, 37.665719628810855)	(15, 37.67111523829109)	(20, 37.65984975065549)	(25, 37.638516014600796)	(30, 37.63316984694057)	(35, 37.60934969742392)	(40, 37.4573914561134)	(45, 37.51839474627157)	(50, 37.60002716547275)	(55, 37.59012573808564)	(60, 37.581070361096025)	(65, 37.56511897959481)	(70, 37.56390522137433)	(75, 37.54942787834999)	(80, 37.55226457613759)	(85, 37.54403028314659)	(90, 37.513724985369656)	(95, 37.49422947062791)	(100, 37.474423223695446)	(105, 37.46955094956183)	(110, 37.36834704259686)	(115, 37.39710354253619)	(120, 37.43932445436393)	(125, 37.42146882011296)	(130, 37.46239802724754)	(135, 37.47244852345329)	(140, 37.43487048968715)	(145, 37.3862772788188)	(150, 37.40982289349409)	(155, 37.39570092396927)	(160, 37.38705232278444)	(165, 37.35022277902258)	(170, 37.29261783723173)	(175, 37.273472842250236)	(180, 37.23039570917051)	(185, 37.179074708062856)	(190, 37.14196560288258)	(195, 37.098034082372905)	(200, 37.01410954912053)	(205, 36.91754236891053)	(210, 36.75518441214265)	(215, 36.68337486242719)	(220, 36.54275853000591)	(225, 36.356350425211296)	(230, 36.08949838439524)	(235, 35.90713972346113)	(240, 35.65800132910396)	(245, 35.43039665083592)	(250, 35.065396394065985)	(255, 34.722793729338925)	(260, 34.42723811647038)	(265, 34.149868576941515)	(270, 33.69835684307802)	(275, 33.191430369848284)	(280, 32.88159364876702)	(285, 32.41863845609765)	(290, 31.98363062824264)	(295, 31.515012782020808)	(300, 26.03133250780099)
SRR23106353_2	(1, 33.45531399413912)	(2, 33.560456403269754)	(3, 33.6348870238034)	(4, 33.6737378540949)	(5, 33.64777517865405)	(6, 37.4957457200144)	(7, 37.4433994396175)	(8, 37.37407459770706)	(9, 37.43922227648964)	(10, 37.45049097732765)	(15, 37.4163918307542)	(20, 37.451061642074954)	(25, 37.43835406919953)	(30, 37.38306006754455)	(35, 37.391607434558466)	(40, 37.38403378818551)	(45, 37.355766638028136)	(50, 37.31176576413344)	(55, 37.30797198406335)	(60, 36.99695360300924)	(65, 37.23150904779078)	(70, 37.252735819293974)	(75, 37.21958850854072)	(80, 37.22529720934669)	(85, 37.24431081544521)	(90, 37.233842730768515)	(95, 37.212190569311495)	(100, 37.157547576230606)	(105, 37.16809200220649)	(110, 37.097580618502874)	(115, 37.05469045355007)	(120, 37.08555149445363)	(125, 37.001284458850996)	(130, 36.99779495448575)	(135, 37.043414857307155)	(140, 36.98278673995975)	(145, 36.95235962982597)	(150, 36.93526553135551)	(155, 36.91967432495322)	(160, 36.81446338638324)	(165, 36.79067738016151)	(170, 36.73503999692481)	(175, 36.65211124805213)	(180, 36.540250769070454)	(185, 36.45095819803491)	(190, 36.401874646699646)	(195, 36.28174189826997)	(200, 36.10601268003725)	(205, 36.10612966894726)	(210, 36.00633763058768)	(215, 35.77460859988582)	(220, 35.426397299571384)	(225, 34.88834139110604)	(230, 34.47224481950157)	(235, 33.98411398478104)	(240, 33.52353500414607)	(245, 32.85486510802211)	(250, 32.278576361441466)	(255, 31.722742602444384)	(260, 31.197854355227207)	(265, 30.616740893939458)	(270, 30.175986101586467)	(275, 29.646795690887995)	(280, 29.009019056366945)	(285, 28.46317907749198)	(290, 27.907092849368034)	(295, 27.088495122862827)	(300, 21.989399816472336)
