Sample	0	1	2	3	4	5	6	7	8	9	10	11	12	13	14	15	16	17	18	19	20	21	22	23	24	25	26	27	28	29	30	31	32	33	34	35	36	37	38	39	40	41	42	43	44	45	46	47	48	49	50	51	52	53	54	55	56	57	58	59	60	61	62	63	64	65	66	67	68	69	70	71	72	73	74	75	76	77	78	79	80	81	82	83	84	85	86	87	88	89	90	91	92	93	94	95	96	97	98	99	100
SRR23106236_1	(0.0, 0.0)	(1.0, 0.0)	(2.0, 0.0)	(3.0, 0.0)	(4.0, 0.0)	(5.0, 0.0)	(6.0, 0.0)	(7.0, 0.0)	(8.0, 0.0)	(9.0, 0.0)	(10.0, 0.0)	(11.0, 0.0)	(12.0, 0.0)	(13.0, 0.0)	(14.0, 0.0)	(15.0, 0.0)	(16.0, 0.0)	(17.0, 0.0)	(18.0, 0.0)	(19.0, 0.0)	(20.0, 1.5)	(21.0, 3.0)	(22.0, 4.0)	(23.0, 4.833333333333334)	(24.0, 6.333333333333334)	(25.0, 17.0)	(26.0, 27.83333333333333)	(27.0, 33.49999999999999)	(28.0, 52.666666666666686)	(29.0, 93.33333333333324)	(30.0, 123.33333333333323)	(31.0, 153.7499999999999)	(32.0, 214.50000000000063)	(33.0, 262.833333333334)	(34.0, 305.0)	(35.0, 390.83333333333167)	(36.0, 464.91666666666436)	(37.0, 534.1666666666642)	(38.0, 610.4166666666661)	(39.0, 722.4166666666698)	(40.0, 811.4166666666746)	(41.0, 889.5000000000111)	(42.0, 1038.4166666666806)	(43.0, 1198.8333333333358)	(44.0, 1371.583333333323)	(45.0, 1557.0833333333096)	(46.0, 1867.4166666666204)	(47.0, 2294.083333333307)	(48.0, 2644.000000000031)	(49.0, 3114.8333333334335)	(50.0, 3643.583333333512)	(51.0, 4247.666666666882)	(52.0, 4874.916666666664)	(53.0, 5510.333333333152)	(54.0, 6274.833333332912)	(55.0, 6987.499999999361)	(56.0, 7674.833333332524)	(57.0, 8289.08333333242)	(58.0, 8599.166666665953)	(59.0, 8836.916666666126)	(60.0, 8994.416666666202)	(61.0, 8634.166666665991)	(62.0, 7833.499999999168)	(63.0, 6872.083333332751)	(64.0, 6069.333333332987)	(65.0, 5072.833333333297)	(66.0, 3978.416666666875)	(67.0, 3030.5000000000814)	(68.0, 2237.833333333302)	(69.0, 1550.333333333313)	(70.0, 1073.1666666666756)	(71.0, 709.083333333335)	(72.0, 435.66666666666526)	(73.0, 265.6666666666669)	(74.0, 155.4166666666667)	(75.0, 91.66666666666663)	(76.0, 55.333333333333336)	(77.0, 27.0)	(78.0, 12.333333333333334)	(79.0, 10.0)	(80.0, 9.0)	(81.0, 3.0)	(82.0, 0.0)	(83.0, 0.0)	(84.0, 0.0)	(85.0, 0.0)	(86.0, 0.0)	(87.0, 0.0)	(88.0, 0.0)	(89.0, 0.0)	(90.0, 0.0)	(91.0, 0.0)	(92.0, 0.0)	(93.0, 0.0)	(94.0, 0.0)	(95.0, 0.0)	(96.0, 0.0)	(97.0, 0.0)	(98.0, 0.0)	(99.0, 0.0)	(100.0, 0.0)
SRR23106236_2	(0.0, 0.0)	(1.0, 0.0)	(2.0, 0.0)	(3.0, 0.0)	(4.0, 0.0)	(5.0, 0.0)	(6.0, 0.0)	(7.0, 0.0)	(8.0, 0.0)	(9.0, 0.0)	(10.0, 0.0)	(11.0, 0.0)	(12.0, 0.0)	(13.0, 0.0)	(14.0, 0.0)	(15.0, 0.0)	(16.0, 0.0)	(17.0, 0.0)	(18.0, 0.3333333333333333)	(19.0, 0.0)	(20.0, 1.0)	(21.0, 2.0)	(22.0, 3.0)	(23.0, 5.0)	(24.0, 7.25)	(25.0, 13.25)	(26.0, 22.499999999999996)	(27.0, 30.66666666666666)	(28.0, 48.75000000000001)	(29.0, 93.24999999999997)	(30.0, 143.99999999999997)	(31.0, 175.41666666666688)	(32.0, 205.50000000000043)	(33.0, 257.7500000000009)	(34.0, 295.16666666666674)	(35.0, 362.66666666666555)	(36.0, 458.16666666666407)	(37.0, 536.9999999999976)	(38.0, 619.3333333333337)	(39.0, 716.7500000000026)	(40.0, 796.8333333333406)	(41.0, 881.0833333333422)	(42.0, 1058.5000000000111)	(43.0, 1200.666666666669)	(44.0, 1375.0833333333228)	(45.0, 1584.2499999999707)	(46.0, 1875.9166666666206)	(47.0, 2240.8333333333026)	(48.0, 2576.000000000017)	(49.0, 3046.0833333334167)	(50.0, 3600.166666666832)	(51.0, 4172.166666666884)	(52.0, 4806.333333333374)	(53.0, 5494.749999999829)	(54.0, 6117.249999999648)	(55.0, 6824.999999999444)	(56.0, 7581.0833333325645)	(57.0, 8067.416666665738)	(58.0, 8532.666666665922)	(59.0, 8690.749999999369)	(60.0, 8760.583333332735)	(61.0, 8559.249999999312)	(62.0, 7929.5833333325145)	(63.0, 7065.833333332738)	(64.0, 6141.166666666328)	(65.0, 5107.166666666622)	(66.0, 4043.0000000001987)	(67.0, 3115.5833333334117)	(68.0, 2344.333333333318)	(69.0, 1685.2499999999775)	(70.0, 1188.75)	(71.0, 807.8333333333379)	(72.0, 477.4166666666644)	(73.0, 310.7499999999999)	(74.0, 205.83333333333337)	(75.0, 118.49999999999996)	(76.0, 67.91666666666667)	(77.0, 33.916666666666664)	(78.0, 16.75)	(79.0, 10.5)	(80.0, 9.5)	(81.0, 4.25)	(82.0, 0.25)	(83.0, 0.5)	(84.0, 0.5)	(85.0, 0.0)	(86.0, 0.5)	(87.0, 0.25)	(88.0, 0.0)	(89.0, 0.0)	(90.0, 0.0)	(91.0, 0.75)	(92.0, 0.0)	(93.0, 0.0)	(94.0, 0.5)	(95.0, 0.0)	(96.0, 0.25)	(97.0, 0.5)	(98.0, 1.0)	(99.0, 0.5)	(100.0, 0.6666666666666666)
SRR23106237_1	(0.0, 0.0)	(1.0, 0.0)	(2.0, 0.0)	(3.0, 0.0)	(4.0, 0.0)	(5.0, 0.0)	(6.0, 0.0)	(7.0, 0.0)	(8.0, 0.0)	(9.0, 0.0)	(10.0, 0.0)	(11.0, 0.0)	(12.0, 0.0)	(13.0, 0.0)	(14.0, 0.0)	(15.0, 0.0)	(16.0, 0.0)	(17.0, 0.0)	(18.0, 0.0)	(19.0, 0.0)	(20.0, 0.5)	(21.0, 0.5)	(22.0, 0.5)	(23.0, 2.0)	(24.0, 5.0)	(25.0, 10.083333333333334)	(26.0, 14.66666666666667)	(27.0, 17.16666666666667)	(28.0, 24.749999999999996)	(29.0, 45.25000000000002)	(30.0, 73.50000000000001)	(31.0, 105.99999999999987)	(32.0, 133.74999999999986)	(33.0, 169.5833333333335)	(34.0, 231.9166666666674)	(35.0, 295.7500000000002)	(36.0, 348.9999999999992)	(37.0, 432.9166666666643)	(38.0, 518.0833333333298)	(39.0, 592.2499999999989)	(40.0, 677.6666666666695)	(41.0, 822.0833333333427)	(42.0, 951.4166666666798)	(43.0, 1120.500000000009)	(44.0, 1311.6666666666608)	(45.0, 1515.0833333333103)	(46.0, 1806.9166666666192)	(47.0, 2159.0833333332876)	(48.0, 2495.0000000000036)	(49.0, 2834.166666666728)	(50.0, 3286.3333333334613)	(51.0, 3820.0833333335468)	(52.0, 4387.250000000151)	(53.0, 5005.166666666654)	(54.0, 5630.583333333114)	(55.0, 6205.083333332938)	(56.0, 6833.166666666096)	(57.0, 7297.499999999278)	(58.0, 7577.333333332545)	(59.0, 7758.166666665831)	(60.0, 7859.083333332505)	(61.0, 7650.583333332543)	(62.0, 7088.583333332708)	(63.0, 6271.333333332943)	(64.0, 5394.166666666528)	(65.0, 4419.25000000014)	(66.0, 3436.7500000001323)	(67.0, 2650.4166666666933)	(68.0, 1964.166666666617)	(69.0, 1366.9999999999905)	(70.0, 926.5000000000101)	(71.0, 579.5833333333329)	(72.0, 338.66666666666606)	(73.0, 197.16666666666683)	(74.0, 138.41666666666657)	(75.0, 84.83333333333333)	(76.0, 45.66666666666666)	(77.0, 22.583333333333332)	(78.0, 17.500000000000004)	(79.0, 10.5)	(80.0, 3.5)	(81.0, 1.5)	(82.0, 0.0)	(83.0, 0.5)	(84.0, 0.5)	(85.0, 0.0)	(86.0, 0.0)	(87.0, 0.0)	(88.0, 0.0)	(89.0, 0.0)	(90.0, 0.0)	(91.0, 0.0)	(92.0, 0.0)	(93.0, 0.0)	(94.0, 0.0)	(95.0, 0.0)	(96.0, 0.0)	(97.0, 0.0)	(98.0, 0.0)	(99.0, 0.0)	(100.0, 0.0)
SRR23106237_2	(0.0, 0.0)	(1.0, 0.0)	(2.0, 0.0)	(3.0, 0.0)	(4.0, 0.0)	(5.0, 0.0)	(6.0, 0.0)	(7.0, 0.0)	(8.0, 0.0)	(9.0, 0.0)	(10.0, 0.0)	(11.0, 0.0)	(12.0, 0.0)	(13.0, 0.0)	(14.0, 0.0)	(15.0, 0.0)	(16.0, 0.0)	(17.0, 0.0)	(18.0, 0.0)	(19.0, 0.0)	(20.0, 0.5)	(21.0, 0.5)	(22.0, 0.5)	(23.0, 2.8333333333333335)	(24.0, 5.0)	(25.0, 8.5)	(26.0, 11.5)	(27.0, 16.916666666666664)	(28.0, 29.249999999999996)	(29.0, 43.25000000000001)	(30.0, 64.33333333333339)	(31.0, 99.33333333333326)	(32.0, 148.49999999999994)	(33.0, 186.83333333333366)	(34.0, 230.75000000000054)	(35.0, 292.50000000000045)	(36.0, 331.24999999999955)	(37.0, 405.99999999999784)	(38.0, 481.08333333332996)	(39.0, 592.2499999999992)	(40.0, 705.16666666667)	(41.0, 826.5000000000085)	(42.0, 928.2500000000117)	(43.0, 1126.1666666666752)	(44.0, 1323.2499999999925)	(45.0, 1538.666666666643)	(46.0, 1787.7499999999554)	(47.0, 2120.416666666616)	(48.0, 2448.0833333333344)	(49.0, 2801.5833333333912)	(50.0, 3256.333333333451)	(51.0, 3830.2500000002055)	(52.0, 4386.416666666814)	(53.0, 4928.083333333325)	(54.0, 5456.083333333177)	(55.0, 5956.083333333025)	(56.0, 6611.416666666154)	(57.0, 7154.666666666009)	(58.0, 7415.916666665972)	(59.0, 7629.583333332563)	(60.0, 7752.499999999195)	(61.0, 7573.999999999253)	(62.0, 7018.166666666096)	(63.0, 6282.249999999625)	(64.0, 5399.666666666526)	(65.0, 4469.500000000112)	(66.0, 3573.333333333472)	(67.0, 2816.083333333379)	(68.0, 2115.2499999999613)	(69.0, 1505.3333333333171)	(70.0, 1004.0833333333441)	(71.0, 650.4166666666682)	(72.0, 408.6666666666654)	(73.0, 266.5833333333336)	(74.0, 170.25000000000014)	(75.0, 88.83333333333329)	(76.0, 45.00000000000001)	(77.0, 21.166666666666664)	(78.0, 14.166666666666668)	(79.0, 10.5)	(80.0, 4.5)	(81.0, 1.5)	(82.0, 0.25)	(83.0, 0.0)	(84.0, 0.5)	(85.0, 0.75)	(86.0, 0.5)	(87.0, 0.5)	(88.0, 0.25)	(89.0, 0.25)	(90.0, 0.25)	(91.0, 0.5)	(92.0, 0.0)	(93.0, 0.25)	(94.0, 1.0)	(95.0, 1.0)	(96.0, 0.25)	(97.0, 0.75)	(98.0, 1.0)	(99.0, 0.5)	(100.0, 1.3333333333333333)
SRR23106238_1	(0.0, 0.0)	(1.0, 0.0)	(2.0, 0.0)	(3.0, 0.0)	(4.0, 0.0)	(5.0, 0.0)	(6.0, 0.0)	(7.0, 0.0)	(8.0, 0.0)	(9.0, 0.0)	(10.0, 0.0)	(11.0, 0.0)	(12.0, 0.0)	(13.0, 0.5)	(14.0, 0.5)	(15.0, 0.5)	(16.0, 1.5833333333333333)	(17.0, 5.499999999999999)	(18.0, 9.25)	(19.0, 16.75)	(20.0, 22.999999999999996)	(21.0, 31.916666666666664)	(22.0, 43.75000000000001)	(23.0, 53.666666666666686)	(24.0, 72.25000000000001)	(25.0, 120.49999999999991)	(26.0, 201.25000000000014)	(27.0, 294.0000000000001)	(28.0, 426.9999999999987)	(29.0, 593.9166666666665)	(30.0, 866.5833333333405)	(31.0, 1272.9999999999975)	(32.0, 1866.6666666666229)	(33.0, 2664.4166666666983)	(34.0, 3624.0000000001914)	(35.0, 4935.583333333327)	(36.0, 6600.9999999994625)	(37.0, 8338.583333332383)	(38.0, 10046.083333333503)	(39.0, 11706.666666667927)	(40.0, 12932.166666668641)	(41.0, 13443.250000002281)	(42.0, 13111.250000002088)	(43.0, 12200.083333334806)	(44.0, 10528.583333333745)	(45.0, 8554.833333332579)	(46.0, 6632.833333332841)	(47.0, 4868.000000000011)	(48.0, 3376.500000000117)	(49.0, 2297.0833333333153)	(50.0, 1689.6666666666413)	(51.0, 1316.5833333333294)	(52.0, 1055.583333333342)	(53.0, 791.3333333333372)	(54.0, 568.1666666666655)	(55.0, 375.33333333333235)	(56.0, 238.5833333333338)	(57.0, 144.83333333333326)	(58.0, 101.49999999999989)	(59.0, 74.74999999999999)	(60.0, 72.0)	(61.0, 68.6666666666667)	(62.0, 57.83333333333338)	(63.0, 55.75000000000003)	(64.0, 54.83333333333336)	(65.0, 35.916666666666664)	(66.0, 26.249999999999993)	(67.0, 26.499999999999993)	(68.0, 24.999999999999986)	(69.0, 27.333333333333318)	(70.0, 22.666666666666664)	(71.0, 17.333333333333332)	(72.0, 14.91666666666667)	(73.0, 6.749999999999999)	(74.0, 3.916666666666667)	(75.0, 1.0)	(76.0, 1.5)	(77.0, 1.5)	(78.0, 0.5)	(79.0, 0.0)	(80.0, 0.0)	(81.0, 0.5)	(82.0, 0.5)	(83.0, 0.0)	(84.0, 0.0)	(85.0, 0.0)	(86.0, 0.0)	(87.0, 0.0)	(88.0, 0.0)	(89.0, 0.0)	(90.0, 0.0)	(91.0, 0.0)	(92.0, 0.0)	(93.0, 0.0)	(94.0, 0.0)	(95.0, 0.0)	(96.0, 0.0)	(97.0, 0.0)	(98.0, 0.0)	(99.0, 0.0)	(100.0, 0.0)
SRR23106238_2	(0.0, 0.0)	(1.0, 0.0)	(2.0, 0.0)	(3.0, 0.0)	(4.0, 0.0)	(5.0, 0.0)	(6.0, 0.0)	(7.0, 0.0)	(8.0, 0.0)	(9.0, 0.0)	(10.0, 0.0)	(11.0, 0.5)	(12.0, 0.5)	(13.0, 0.0)	(14.0, 0.25)	(15.0, 1.8333333333333333)	(16.0, 2.833333333333333)	(17.0, 4.0)	(18.0, 9.166666666666668)	(19.0, 13.0)	(20.0, 15.833333333333336)	(21.0, 23.583333333333332)	(22.0, 42.58333333333334)	(23.0, 59.750000000000036)	(24.0, 85.74999999999997)	(25.0, 124.91666666666657)	(26.0, 189.33333333333348)	(27.0, 270.9166666666669)	(28.0, 395.9999999999991)	(29.0, 589.9999999999999)	(30.0, 866.5833333333395)	(31.0, 1260.7499999999993)	(32.0, 1821.1666666666283)	(33.0, 2667.9166666666983)	(34.0, 3682.9166666668575)	(35.0, 4954.999999999984)	(36.0, 6536.249999999484)	(37.0, 8292.99999999901)	(38.0, 10099.50000000018)	(39.0, 11657.083333334578)	(40.0, 12872.58333333531)	(41.0, 13500.833333335604)	(42.0, 13173.083333335398)	(43.0, 12202.583333334806)	(44.0, 10543.250000000491)	(45.0, 8601.49999999929)	(46.0, 6642.249999999528)	(47.0, 4887.83333333333)	(48.0, 3412.916666666789)	(49.0, 2314.0833333333176)	(50.0, 1693.8333333333082)	(51.0, 1278.3333333333303)	(52.0, 1018.8333333333447)	(53.0, 758.0833333333369)	(54.0, 584.9166666666657)	(55.0, 379.4999999999994)	(56.0, 248.00000000000057)	(57.0, 160.99999999999994)	(58.0, 106.08333333333324)	(59.0, 86.08333333333331)	(60.0, 76.66666666666669)	(61.0, 66.00000000000004)	(62.0, 58.91666666666671)	(63.0, 58.333333333333385)	(64.0, 48.50000000000002)	(65.0, 39.833333333333336)	(66.0, 32.66666666666665)	(67.0, 33.41666666666666)	(68.0, 28.83333333333332)	(69.0, 22.58333333333333)	(70.0, 22.499999999999996)	(71.0, 18.0)	(72.0, 14.16666666666667)	(73.0, 9.583333333333332)	(74.0, 4.416666666666666)	(75.0, 2.75)	(76.0, 2.583333333333333)	(77.0, 2.75)	(78.0, 1.5)	(79.0, 0.5)	(80.0, 0.0)	(81.0, 0.0)	(82.0, 0.0)	(83.0, 0.25)	(84.0, 0.5)	(85.0, 0.25)	(86.0, 0.25)	(87.0, 0.0)	(88.0, 0.0)	(89.0, 0.0)	(90.0, 0.0)	(91.0, 0.0)	(92.0, 0.0)	(93.0, 0.0)	(94.0, 0.0)	(95.0, 0.25)	(96.0, 0.25)	(97.0, 0.0)	(98.0, 0.25)	(99.0, 0.25)	(100.0, 0.3333333333333333)
SRR23106336_1	(0.0, 0.0)	(1.0, 0.0)	(2.0, 0.0)	(3.0, 0.0)	(4.0, 0.0)	(5.0, 0.0)	(6.0, 0.0)	(7.0, 0.0)	(8.0, 0.0)	(9.0, 0.0)	(10.0, 0.0)	(11.0, 0.0)	(12.0, 0.0)	(13.0, 0.0)	(14.0, 0.0)	(15.0, 0.0)	(16.0, 0.0)	(17.0, 0.0)	(18.0, 0.0)	(19.0, 0.0)	(20.0, 0.0)	(21.0, 0.0)	(22.0, 0.0)	(23.0, 0.0)	(24.0, 0.3333333333333333)	(25.0, 1.8333333333333333)	(26.0, 1.8333333333333333)	(27.0, 1.5)	(28.0, 2.0)	(29.0, 2.5)	(30.0, 4.5)	(31.0, 5.583333333333333)	(32.0, 8.166666666666666)	(33.0, 10.166666666666668)	(34.0, 17.75)	(35.0, 20.999999999999996)	(36.0, 25.16666666666666)	(37.0, 45.50000000000001)	(38.0, 58.583333333333364)	(39.0, 70.00000000000001)	(40.0, 89.08333333333324)	(41.0, 118.91666666666652)	(42.0, 162.91666666666674)	(43.0, 201.83333333333374)	(44.0, 235.1666666666672)	(45.0, 274.0000000000004)	(46.0, 338.83333333333246)	(47.0, 409.9999999999985)	(48.0, 461.3333333333309)	(49.0, 523.3333333333302)	(50.0, 622.5833333333339)	(51.0, 764.2500000000044)	(52.0, 933.50000000001)	(53.0, 1107.0000000000075)	(54.0, 1296.6666666666626)	(55.0, 1643.9166666666413)	(56.0, 2027.916666666611)	(57.0, 2417.666666666662)	(58.0, 2913.5833333333903)	(59.0, 3495.416666666799)	(60.0, 4205.916666666852)	(61.0, 5066.166666666608)	(62.0, 6124.916666666317)	(63.0, 7327.833333332629)	(64.0, 8599.24999999929)	(65.0, 9673.333333333296)	(66.0, 10512.000000000447)	(67.0, 11003.000000000642)	(68.0, 10871.83333333394)	(69.0, 10103.583333333498)	(70.0, 8922.49999999951)	(71.0, 7422.249999999317)	(72.0, 5757.999999999782)	(73.0, 4142.9166666668525)	(74.0, 2878.333333333385)	(75.0, 1911.083333333296)	(76.0, 1203.8333333333346)	(77.0, 695.0000000000018)	(78.0, 398.08333333333263)	(79.0, 237.9166666666668)	(80.0, 132.99999999999997)	(81.0, 71.83333333333333)	(82.0, 39.50000000000001)	(83.0, 18.0)	(84.0, 8.0)	(85.0, 1.5)	(86.0, 0.5)	(87.0, 0.5)	(88.0, 0.5)	(89.0, 0.0)	(90.0, 0.5)	(91.0, 0.5)	(92.0, 0.0)	(93.0, 0.0)	(94.0, 0.0)	(95.0, 0.0)	(96.0, 0.0)	(97.0, 0.0)	(98.0, 0.0)	(99.0, 0.0)	(100.0, 0.0)
SRR23106336_2	(0.0, 0.0)	(1.0, 0.0)	(2.0, 0.0)	(3.0, 0.0)	(4.0, 0.0)	(5.0, 0.0)	(6.0, 0.0)	(7.0, 0.0)	(8.0, 0.0)	(9.0, 0.0)	(10.0, 0.0)	(11.0, 0.0)	(12.0, 0.0)	(13.0, 0.0)	(14.0, 0.0)	(15.0, 0.0)	(16.0, 0.0)	(17.0, 0.0)	(18.0, 0.0)	(19.0, 0.0)	(20.0, 0.0)	(21.0, 0.0)	(22.0, 0.0)	(23.0, 0.0)	(24.0, 0.0)	(25.0, 0.3333333333333333)	(26.0, 1.0)	(27.0, 1.0)	(28.0, 1.3333333333333333)	(29.0, 2.8333333333333335)	(30.0, 4.5)	(31.0, 6.083333333333334)	(32.0, 7.75)	(33.0, 11.666666666666666)	(34.0, 12.000000000000004)	(35.0, 20.58333333333333)	(36.0, 29.666666666666657)	(37.0, 44.00000000000002)	(38.0, 57.083333333333364)	(39.0, 72.66666666666669)	(40.0, 91.83333333333327)	(41.0, 120.9999999999998)	(42.0, 154.83333333333337)	(43.0, 191.33333333333363)	(44.0, 234.83333333333402)	(45.0, 286.08333333333326)	(46.0, 341.8333333333325)	(47.0, 383.2499999999988)	(48.0, 461.24999999999767)	(49.0, 542.2499999999975)	(50.0, 627.4166666666679)	(51.0, 759.0833333333385)	(52.0, 899.7500000000089)	(53.0, 1097.4166666666763)	(54.0, 1339.083333333327)	(55.0, 1612.9166666666436)	(56.0, 1935.3333333332866)	(57.0, 2355.1666666666556)	(58.0, 2856.8333333333835)	(59.0, 3403.2500000001182)	(60.0, 4093.666666666877)	(61.0, 4932.749999999996)	(62.0, 5884.583333333053)	(63.0, 7018.333333332731)	(64.0, 8238.249999999107)	(65.0, 9295.33333333311)	(66.0, 10191.416666666877)	(67.0, 10715.416666667139)	(68.0, 10645.58333333381)	(69.0, 9999.00000000009)	(70.0, 8980.333333332901)	(71.0, 7591.083333332696)	(72.0, 6020.249999999757)	(73.0, 4560.500000000081)	(74.0, 3305.0833333334117)	(75.0, 2182.416666666642)	(76.0, 1397.7499999999939)	(77.0, 844.1666666666699)	(78.0, 494.9166666666658)	(79.0, 284.75)	(80.0, 157.83333333333337)	(81.0, 94.58333333333333)	(82.0, 44.66666666666667)	(83.0, 22.583333333333332)	(84.0, 12.25)	(85.0, 5.0)	(86.0, 1.75)	(87.0, 0.75)	(88.0, 1.25)	(89.0, 0.75)	(90.0, 0.0)	(91.0, 0.25)	(92.0, 0.75)	(93.0, 0.75)	(94.0, 0.0)	(95.0, 0.0)	(96.0, 0.25)	(97.0, 0.0)	(98.0, 0.0)	(99.0, 0.25)	(100.0, 0.6666666666666666)
SRR23106353_1	(0.0, 0.0)	(1.0, 0.0)	(2.0, 0.0)	(3.0, 0.0)	(4.0, 0.0)	(5.0, 0.0)	(6.0, 0.0)	(7.0, 0.0)	(8.0, 0.0)	(9.0, 0.0)	(10.0, 0.0)	(11.0, 0.0)	(12.0, 0.5)	(13.0, 2.0)	(14.0, 5.333333333333333)	(15.0, 7.333333333333333)	(16.0, 7.833333333333334)	(17.0, 12.75)	(18.0, 22.916666666666668)	(19.0, 34.24999999999999)	(20.0, 53.83333333333335)	(21.0, 84.33333333333333)	(22.0, 120.41666666666661)	(23.0, 158.58333333333337)	(24.0, 223.00000000000017)	(25.0, 343.4166666666664)	(26.0, 501.0833333333323)	(27.0, 644.9166666666672)	(28.0, 918.6666666666704)	(29.0, 1327.4166666666642)	(30.0, 1850.9166666666451)	(31.0, 2449.3333333333353)	(32.0, 3240.83333333343)	(33.0, 4393.750000000136)	(34.0, 5665.91666666646)	(35.0, 7107.166666665996)	(36.0, 8933.083333332777)	(37.0, 10697.083333333923)	(38.0, 12034.91666666813)	(39.0, 13034.750000002106)	(40.0, 14162.750000002767)	(41.0, 14725.583333336403)	(42.0, 14272.750000002805)	(43.0, 13261.916666668765)	(44.0, 11579.416666667681)	(45.0, 9449.416666666486)	(46.0, 7572.583333332585)	(47.0, 5961.999999999729)	(48.0, 4618.500000000073)	(49.0, 3577.0833333334667)	(50.0, 2645.166666666689)	(51.0, 1987.8333333332928)	(52.0, 1597.416666666651)	(53.0, 1178.0833333333364)	(54.0, 780.2500000000057)	(55.0, 486.249999999998)	(56.0, 344.3333333333332)	(57.0, 231.75000000000034)	(58.0, 192.91666666666683)	(59.0, 143.4166666666666)	(60.0, 94.41666666666663)	(61.0, 81.75)	(62.0, 56.33333333333337)	(63.0, 37.83333333333332)	(64.0, 31.833333333333325)	(65.0, 22.41666666666666)	(66.0, 13.833333333333336)	(67.0, 13.666666666666666)	(68.0, 11.25)	(69.0, 10.083333333333334)	(70.0, 8.25)	(71.0, 7.25)	(72.0, 4.583333333333334)	(73.0, 5.166666666666666)	(74.0, 3.5833333333333335)	(75.0, 1.75)	(76.0, 0.8333333333333333)	(77.0, 0.25)	(78.0, 0.5)	(79.0, 1.0)	(80.0, 1.0)	(81.0, 0.5)	(82.0, 0.0)	(83.0, 0.5)	(84.0, 0.5)	(85.0, 0.0)	(86.0, 0.0)	(87.0, 0.0)	(88.0, 0.0)	(89.0, 0.0)	(90.0, 0.0)	(91.0, 0.0)	(92.0, 0.0)	(93.0, 0.0)	(94.0, 0.0)	(95.0, 0.0)	(96.0, 0.0)	(97.0, 0.0)	(98.0, 0.0)	(99.0, 0.0)	(100.0, 0.0)
SRR23106353_2	(0.0, 0.0)	(1.0, 0.0)	(2.0, 0.0)	(3.0, 0.0)	(4.0, 0.0)	(5.0, 0.0)	(6.0, 0.0)	(7.0, 0.0)	(8.0, 0.0)	(9.0, 0.0)	(10.0, 0.0)	(11.0, 0.0)	(12.0, 0.5)	(13.0, 2.0)	(14.0, 4.0)	(15.0, 7.333333333333333)	(16.0, 9.833333333333332)	(17.0, 15.583333333333334)	(18.0, 23.166666666666664)	(19.0, 27.249999999999993)	(20.0, 41.666666666666664)	(21.0, 74.75)	(22.0, 123.49999999999994)	(23.0, 162.9166666666667)	(24.0, 233.41666666666688)	(25.0, 338.5833333333331)	(26.0, 500.0833333333323)	(27.0, 682.1666666666678)	(28.0, 912.083333333338)	(29.0, 1271.749999999998)	(30.0, 1784.2499999999793)	(31.0, 2410.8333333333294)	(32.0, 3233.0000000000928)	(33.0, 4424.750000000122)	(34.0, 5629.999999999806)	(35.0, 7046.333333332707)	(36.0, 8841.833333332721)	(37.0, 10709.250000000597)	(38.0, 12208.083333334927)	(39.0, 13090.08333333551)	(40.0, 14074.583333336062)	(41.0, 14754.166666669811)	(42.0, 14416.25000000289)	(43.0, 13289.833333335351)	(44.0, 11611.083333334294)	(45.0, 9509.99999999983)	(46.0, 7587.416666665919)	(47.0, 5917.749999999747)	(48.0, 4656.333333333388)	(49.0, 3599.250000000137)	(50.0, 2591.0833333333485)	(51.0, 2004.3333333332916)	(52.0, 1594.7499999999807)	(53.0, 1180.4166666666683)	(54.0, 843.8333333333388)	(55.0, 543.4999999999985)	(56.0, 382.4166666666661)	(57.0, 249.8333333333338)	(58.0, 183.75000000000014)	(59.0, 141.24999999999997)	(60.0, 101.49999999999996)	(61.0, 73.4166666666667)	(62.0, 48.75000000000002)	(63.0, 39.5)	(64.0, 26.416666666666654)	(65.0, 19.583333333333336)	(66.0, 18.66666666666667)	(67.0, 17.833333333333332)	(68.0, 13.0)	(69.0, 8.083333333333332)	(70.0, 6.0)	(71.0, 6.666666666666667)	(72.0, 4.916666666666666)	(73.0, 3.5833333333333335)	(74.0, 2.333333333333333)	(75.0, 2.25)	(76.0, 2.25)	(77.0, 1.0)	(78.0, 0.5)	(79.0, 0.75)	(80.0, 1.25)	(81.0, 1.0)	(82.0, 1.0)	(83.0, 0.75)	(84.0, 0.0)	(85.0, 0.0)	(86.0, 0.5)	(87.0, 0.25)	(88.0, 0.0)	(89.0, 0.25)	(90.0, 0.25)	(91.0, 0.25)	(92.0, 0.5)	(93.0, 0.25)	(94.0, 0.0)	(95.0, 0.25)	(96.0, 0.0)	(97.0, 0.0)	(98.0, 0.25)	(99.0, 0.0)	(100.0, 0.6666666666666666)
