Sample	0	1	2	3	4	5	6	7	8	9	10	11	12	13	14	15	16	17	18	19	20	21
SRR23106236_1	(20.0, 15.0)	(21.0, 47.0)	(22.0, 82.0)	(23.0, 156.0)	(24.0, 197.0)	(25.0, 353.0)	(26.0, 559.0)	(27.0, 878.0)	(28.0, 1276.0)	(29.0, 2056.0)	(30.0, 2919.0)	(31.0, 4123.0)	(32.0, 5864.0)	(33.0, 8857.0)	(34.0, 14276.0)	(35.0, 25364.0)	(36.0, 56544.0)	(37.0, 163686.0)				
SRR23106236_2	(18.0, 1.0)	(19.0, 65.0)	(20.0, 725.0)	(21.0, 1622.0)	(22.0, 2108.0)	(23.0, 2387.0)	(24.0, 2715.0)	(25.0, 3201.0)	(26.0, 3833.0)	(27.0, 4567.0)	(28.0, 5555.0)	(29.0, 6868.0)	(30.0, 8743.0)	(31.0, 11420.0)	(32.0, 15561.0)	(33.0, 21547.0)	(34.0, 29844.0)	(35.0, 39974.0)	(36.0, 46920.0)	(37.0, 79596.0)		
SRR23106237_1	(19.0, 1.0)	(20.0, 9.0)	(21.0, 46.0)	(22.0, 114.0)	(23.0, 166.0)	(24.0, 262.0)	(25.0, 460.0)	(26.0, 699.0)	(27.0, 1110.0)	(28.0, 1537.0)	(29.0, 2178.0)	(30.0, 3203.0)	(31.0, 4653.0)	(32.0, 6680.0)	(33.0, 9814.0)	(34.0, 15636.0)	(35.0, 28039.0)	(36.0, 60624.0)	(37.0, 135431.0)			
SRR23106237_2	(19.0, 44.0)	(20.0, 707.0)	(21.0, 1617.0)	(22.0, 1953.0)	(23.0, 2329.0)	(24.0, 2763.0)	(25.0, 3229.0)	(26.0, 3818.0)	(27.0, 4574.0)	(28.0, 5817.0)	(29.0, 7077.0)	(30.0, 9120.0)	(31.0, 11960.0)	(32.0, 16294.0)	(33.0, 22663.0)	(34.0, 31107.0)	(35.0, 40881.0)	(36.0, 44081.0)	(37.0, 60628.0)			
SRR23106238_1	(18.0, 1.0)	(19.0, 1.0)	(20.0, 6.0)	(21.0, 22.0)	(22.0, 35.0)	(23.0, 86.0)	(24.0, 124.0)	(25.0, 192.0)	(26.0, 280.0)	(27.0, 518.0)	(28.0, 778.0)	(29.0, 1124.0)	(30.0, 1791.0)	(31.0, 2558.0)	(32.0, 3756.0)	(33.0, 5667.0)	(34.0, 9097.0)	(35.0, 16595.0)	(36.0, 42926.0)	(37.0, 202033.0)		
SRR23106238_2	(17.0, 5.0)	(18.0, 1.0)	(19.0, 5.0)	(20.0, 121.0)	(21.0, 416.0)	(22.0, 647.0)	(23.0, 811.0)	(24.0, 1041.0)	(25.0, 1267.0)	(26.0, 1545.0)	(27.0, 1912.0)	(28.0, 2309.0)	(29.0, 3021.0)	(30.0, 3899.0)	(31.0, 5064.0)	(32.0, 7068.0)	(33.0, 10527.0)	(34.0, 16885.0)	(35.0, 31826.0)	(36.0, 71550.0)	(37.0, 127670.0)	
SRR23106336_1	(19.0, 1.0)	(20.0, 14.0)	(21.0, 60.0)	(22.0, 128.0)	(23.0, 175.0)	(24.0, 275.0)	(25.0, 432.0)	(26.0, 606.0)	(27.0, 957.0)	(28.0, 1366.0)	(29.0, 1975.0)	(30.0, 2764.0)	(31.0, 4113.0)	(32.0, 6092.0)	(33.0, 9336.0)	(34.0, 14780.0)	(35.0, 26494.0)	(36.0, 53886.0)	(37.0, 137074.0)			
SRR23106336_2	(19.0, 78.0)	(20.0, 1014.0)	(21.0, 2102.0)	(22.0, 2580.0)	(23.0, 2897.0)	(24.0, 3425.0)	(25.0, 3961.0)	(26.0, 4704.0)	(27.0, 5667.0)	(28.0, 6891.0)	(29.0, 8681.0)	(30.0, 10909.0)	(31.0, 14037.0)	(32.0, 18151.0)	(33.0, 22530.0)	(34.0, 26882.0)	(35.0, 28541.0)	(36.0, 28460.0)	(37.0, 69018.0)			
SRR23106353_1	(19.0, 2.0)	(20.0, 4.0)	(21.0, 27.0)	(22.0, 68.0)	(23.0, 86.0)	(24.0, 114.0)	(25.0, 199.0)	(26.0, 337.0)	(27.0, 435.0)	(28.0, 750.0)	(29.0, 1182.0)	(30.0, 1751.0)	(31.0, 2637.0)	(32.0, 3822.0)	(33.0, 5982.0)	(34.0, 9493.0)	(35.0, 17103.0)	(36.0, 43852.0)	(37.0, 223372.0)			
SRR23106353_2	(16.0, 1.0)	(17.0, 1.0)	(18.0, 2.0)	(19.0, 2.0)	(20.0, 54.0)	(21.0, 279.0)	(22.0, 433.0)	(23.0, 530.0)	(24.0, 728.0)	(25.0, 972.0)	(26.0, 1149.0)	(27.0, 1531.0)	(28.0, 1938.0)	(29.0, 2571.0)	(30.0, 3448.0)	(31.0, 4593.0)	(32.0, 6645.0)	(33.0, 9769.0)	(34.0, 16263.0)	(35.0, 31134.0)	(36.0, 70494.0)	(37.0, 158679.0)
