Sample	fastqc-percent_duplicates	fastqc-percent_gc	fastqc-avg_sequence_length	fastqc-median_sequence_length	fastqc-percent_fails	fastqc-total_sequences
SRR23106236_1	7.774576102144437	57.0	263.4951036024118	301	10.0	0.287252
SRR23106236_2	7.457337789481997	57.0	263.47890354114156	301	20.0	0.287252
SRR23106237_1	7.4228448734951655	56.0	270.34482121612933	301	10.0	0.270662
SRR23106237_2	7.258818325938591	57.0	270.33997753655854	301	20.0	0.270662
SRR23106238_1	12.115464378847776	41.0	258.6951319586912	294	10.0	0.28759
SRR23106238_2	11.789130181031197	41.0	258.55319725998817	294	10.0	0.28759
SRR23106336_1	5.13817383718343	65.0	256.0493651354173	294	10.0	0.260528
SRR23106336_2	4.729599425407557	65.0	256.0348638150218	301	20.0	0.260528
SRR23106353_1	22.141763963554624	40.0	241.87807664130378	264	10.0	0.311216
SRR23106353_2	22.125732230769827	40.0	241.7007833787466	264	10.0	0.311216
