Sample	0	1	2	3	4	5	6	7	8	9	10	11	12	13	14	15
SRR23106236_1	(1.0, 85.50290306589916)	(2.0, 11.359587771632123)	(3.0, 2.1655002358093296)	(4.0, 0.48025184844484453)	(5.0, 0.18482142983358216)	(6.0, 0.09945557883025224)	(7.0, 0.05517748434965776)	(8.0, 0.022532413027173452)	(9.0, 0.03133355900506046)	('>10', 0.06977818384373069)	('>50', 0.028658429325070345)	('>100', 0.0)	('>500', 0.0)	('>1k', 0.0)	('>5k', 0.0)	('>10k+', 0.0)
SRR23106236_2	(1.0, 86.43284800019396)	(2.0, 10.748893440611456)	(3.0, 1.8603725063076635)	(4.0, 0.480779774989663)	(5.0, 0.20039341218005957)	(6.0, 0.08182816333790277)	(7.0, 0.037640026663796324)	(8.0, 0.05071781044888758)	(9.0, 0.02507455945794327)	('>10', 0.05245010892971597)	('>50', 0.02900219687894534)	('>100', 0.0)	('>500', 0.0)	('>1k', 0.0)	('>5k', 0.0)	('>10k+', 0.0)
SRR23106237_1	(1.0, 86.13882361317553)	(2.0, 11.017587909644512)	(3.0, 1.904669818164114)	(4.0, 0.5083077964301117)	(5.0, 0.20434658988239834)	(6.0, 0.08092360695929038)	(7.0, 0.04478415299665977)	(8.0, 0.029672534542112525)	(9.0, 0.013233099073415395)	('>10', 0.038094282060072336)	('>50', 0.01955659707181555)	('>100', 0.0)	('>500', 0.0)	('>1k', 0.0)	('>5k', 0.0)	('>10k+', 0.0)
SRR23106237_2	(1.0, 86.75112221500034)	(2.0, 10.515580262623969)	(3.0, 1.8703572812767928)	(4.0, 0.48809359523596174)	(5.0, 0.166361888526697)	(6.0, 0.07863831131190642)	(7.0, 0.036889809335771406)	(8.0, 0.02670957377875648)	(9.0, 0.013234496767142894)	('>10', 0.03345639780861809)	('>50', 0.019556168334028096)	('>100', 0.0)	('>500', 0.0)	('>1k', 0.0)	('>5k', 0.0)	('>10k+', 0.0)
SRR23106238_1	(1.0, 78.35979460422573)	(2.0, 15.248609705922329)	(3.0, 4.005106900680886)	(4.0, 1.2694305098062033)	(5.0, 0.4747358363561622)	(6.0, 0.22894507164822028)	(7.0, 0.09609443269323192)	(8.0, 0.05121396154753605)	(9.0, 0.031696800484522565)	('>10', 0.20770454898190932)	('>50', 0.026667627653277827)	('>100', 0.0)	('>500', 0.0)	('>1k', 0.0)	('>5k', 0.0)	('>10k+', 0.0)
SRR23106238_2	(1.0, 79.01015598045609)	(2.0, 14.990206216076892)	(3.0, 3.7392051948398897)	(4.0, 1.2060692062844092)	(5.0, 0.42483122386158795)	(6.0, 0.2401608516524686)	(7.0, 0.09864925061418102)	(8.0, 0.09390581614568304)	(9.0, 0.038038327041009526)	('>10', 0.13211441153785222)	('>50', 0.026663521489989996)	('>100', 0.0)	('>500', 0.0)	('>1k', 0.0)	('>5k', 0.0)	('>10k+', 0.0)
SRR23106336_1	(1.0, 89.91617291863611)	(2.0, 8.699455085627298)	(3.0, 1.1273809890870856)	(4.0, 0.16225323689873894)	(5.0, 0.036827314936105845)	(6.0, 0.011822427932442738)	(7.0, 0.0)	(8.0, 0.0)	(9.0, 0.0)	('>10', 0.015238783082027738)	('>50', 0.030849243800202496)	('>100', 0.0)	('>500', 0.0)	('>1k', 0.0)	('>5k', 0.0)	('>10k+', 0.0)
SRR23106336_2	(1.0, 91.0982924844503)	(2.0, 7.826381647113845)	(3.0, 0.87107034623798)	(4.0, 0.13623423232605014)	(5.0, 0.02866473821044259)	(6.0, 0.004731174867840697)	(7.0, 0.0)	(8.0, 0.0030402094767221005)	(9.0, 0.0)	('>10', 0.0)	('>50', 0.03158516731682025)	('>100', 0.0)	('>500', 0.0)	('>1k', 0.0)	('>5k', 0.0)	('>10k+', 0.0)
SRR23106353_1	(1.0, 67.53414640864267)	(2.0, 13.660078002413867)	(3.0, 4.619165670441157)	(4.0, 2.5709796712986575)	(5.0, 1.6550999659599313)	(6.0, 1.3912249627174365)	(7.0, 1.0344748515200424)	(8.0, 0.8749499667967295)	(9.0, 0.7344069202017589)	('>10', 5.72619305923383)	('>50', 0.14463908765847638)	('>100', 0.05464143311542441)	('>500', 0.0)	('>1k', 0.0)	('>5k', 0.0)	('>10k+', 0.0)
SRR23106353_2	(1.0, 67.75029795298848)	(2.0, 13.450208419160539)	(3.0, 4.547599326635247)	(4.0, 2.3435653191714523)	(5.0, 1.736183698799277)	(6.0, 1.4077488420510822)	(7.0, 1.0616203823766512)	(8.0, 0.8983758688664298)	(9.0, 0.7670641218800349)	('>10', 5.748475317534309)	('>50', 0.2350596351372298)	('>100', 0.05380111539925695)	('>500', 0.0)	('>1k', 0.0)	('>5k', 0.0)	('>10k+', 0.0)
