Sample	0	1	2	3	4	5	6	7	8	9	10	11	12	13	14	15	16	17	18	19	20	21	22	23	24	25	26	27	28	29	30	31	32	33	34	35	36	37	38	39	40	41	42	43	44	45	46	47	48	49	50	51	52	53	54	55	56	57	58	59	60	61	62	63	64	65	66	67	68	69	70	71	72	73	74	75	76	77	78	79	80	81	82	83	84	85	86	87	88	89	90	91	92	93	94	95	96	97	98	99	100
SRR23106236_1	(0.0, 0.057924043649906796)	(1.0, 0.028962021824953398)	(2.0, 0.0)	(3.0, 0.0)	(4.0, 0.0)	(5.0, 0.0)	(6.0, 0.0)	(7.0, 0.0)	(8.0, 0.0)	(9.0, 0.0)	(10.0, 0.0)	(11.0, 0.0)	(12.0, 0.0)	(13.0, 0.0)	(14.0, 0.0)	(15.0, 0.0)	(16.0, 0.0)	(17.0, 0.0)	(18.0, 0.0)	(19.0, 0.0)	(20.0, 0.0010343579223197643)	(21.0, 0.0020687158446395285)	(22.0, 0.002758287792852705)	(23.0, 0.0033329310830303516)	(24.0, 0.004367289005350116)	(25.0, 0.011722723119623996)	(26.0, 0.0191930858919334)	(27.0, 0.023100660265141397)	(28.0, 0.03631745593922729)	(29.0, 0.0646473701449852)	(30.0, 0.08539199292039824)	(31.0, 0.10636647301188235)	(32.0, 0.1487751478269932)	(33.0, 0.1821044586572967)	(34.0, 0.21106648048224969)	(35.0, 0.27059952534465276)	(36.0, 0.3219726354865339)	(37.0, 0.3689209922940477)	(38.0, 0.42190310364842787)	(39.0, 0.4997672694675017)	(40.0, 0.5626332454129397)	(41.0, 0.616534786031605)	(42.0, 0.7210049361859026)	(43.0, 0.8298998396745589)	(44.0, 0.9486786077542697)	(45.0, 1.0800995282178882)	(46.0, 1.2967400486148455)	(47.0, 1.5940604869527764)	(48.0, 1.8393182432006356)	(49.0, 2.1685313841434577)	(50.0, 2.535728446567027)	(51.0, 2.955275512725742)	(52.0, 3.3979807034784466)	(53.0, 3.8456852908557293)	(54.0, 4.385102947345318)	(55.0, 4.8854448601028455)	(56.0, 5.367742973548828)	(57.0, 5.798323190878941)	(58.0, 6.015768211882305)	(59.0, 6.19160905867679)	(60.0, 6.303492107274411)	(61.0, 6.053234954401916)	(62.0, 5.4965779992066395)	(63.0, 4.828440245717261)	(64.0, 4.26948471736162)	(65.0, 3.56548922256519)	(66.0, 2.792823854592529)	(67.0, 2.135891645261356)	(68.0, 1.5716493986358475)	(69.0, 1.0860758184357369)	(70.0, 0.7518058165394205)	(71.0, 0.4951701231460795)	(72.0, 0.3057102303745071)	(73.0, 0.18497767510818466)	(74.0, 0.10791800989536213)	(75.0, 0.06303836893248783)	(76.0, 0.03798392148074246)	(77.0, 0.018273656627649168)	(78.0, 0.008504720694629172)	(79.0, 0.006550933508025174)	(80.0, 0.005861361559811998)	(81.0, 0.0020687158446395285)	(82.0, 0.00017239298705329405)	(83.0, 0.00017239298705329405)	(84.0, 0.00017239298705329405)	(85.0, 0.0)	(86.0, 0.0)	(87.0, 0.0)	(88.0, 0.0)	(89.0, 0.0)	(90.0, 0.0)	(91.0, 0.0)	(92.0, 0.0)	(93.0, 0.0)	(94.0, 0.0)	(95.0, 0.0)	(96.0, 0.0)	(97.0, 0.0)	(98.0, 0.0)	(99.0, 0.0)	(100.0, 0.0)
SRR23106236_2	(0.0, 0.05919611673474465)	(1.0, 0.029598058367372324)	(2.0, 0.0)	(3.0, 0.0)	(4.0, 0.0)	(5.0, 0.0)	(6.0, 0.0)	(7.0, 0.0)	(8.0, 0.0)	(9.0, 0.0)	(10.0, 0.0)	(11.0, 0.0)	(12.0, 0.0)	(13.0, 0.0)	(14.0, 0.0)	(15.0, 0.0)	(16.0, 0.0)	(17.0, 0.00017410622569042543)	(18.0, 0.00023214163425390057)	(19.0, 0.0)	(20.0, 0.0006964249027617017)	(21.0, 0.0015669560312138288)	(22.0, 0.002437487159665956)	(23.0, 0.0036562307394989338)	(24.0, 0.005049080545022337)	(25.0, 0.009227629961592548)	(26.0, 0.015843666537828715)	(27.0, 0.0217052428027397)	(28.0, 0.034124820235323386)	(29.0, 0.06528983463390951)	(30.0, 0.10092357549188327)	(31.0, 0.12245471206893271)	(32.0, 0.1437537070117282)	(33.0, 0.17921334164401187)	(34.0, 0.20527124008901163)	(35.0, 0.2522799210254257)	(36.0, 0.3179760035192785)	(37.0, 0.3741542790087226)	(38.0, 0.4305646961324224)	(39.0, 0.4973054159804204)	(40.0, 0.553657797695558)	(41.0, 0.6125637373874862)	(42.0, 0.7368755825304515)	(43.0, 0.8358259541311706)	(44.0, 0.9595574451884907)	(45.0, 1.1059807809941258)	(46.0, 1.3067832946237388)	(47.0, 1.5654471105911592)	(48.0, 1.8042047814213296)	(49.0, 2.1311762732679917)	(50.0, 2.5140358635612903)	(51.0, 2.918658732065867)	(52.0, 3.3701742106895867)	(53.0, 3.8491984729723656)	(54.0, 4.284522072606878)	(55.0, 4.783974798704007)	(56.0, 5.319119301067679)	(57.0, 5.659380901475243)	(58.0, 5.986410428730584)	(59.0, 6.107298184768369)	(60.0, 6.146065837688796)	(61.0, 5.994129138069555)	(62.0, 5.566640318590887)	(63.0, 4.966496158636128)	(64.0, 4.312959422803001)	(65.0, 3.5745749196500936)	(66.0, 2.8446635861474223)	(67.0, 2.1851492032320157)	(68.0, 1.6353797779101575)	(69.0, 1.1816589537609037)	(70.0, 0.8319956171659793)	(71.0, 0.5729255533386296)	(72.0, 0.3361991218082102)	(73.0, 0.21780688833872214)	(74.0, 0.1470036898912826)	(75.0, 0.08711114825377618)	(76.0, 0.05078098249304075)	(77.0, 0.02710253579914289)	(78.0, 0.014973135409376587)	(79.0, 0.009459771595846449)	(80.0, 0.008066921790323046)	(81.0, 0.003482124513808509)	(82.0, 0.0008705311284521272)	(83.0, 0.00034821245138085086)	(84.0, 0.0005223186770712763)	(85.0, 0.0)	(86.0, 0.0009285665370156023)	(87.0, 0.0005223186770712763)	(88.0, 0.0)	(89.0, 0.0)	(90.0, 0.0005223186770712763)	(91.0, 0.0010446373541425527)	(92.0, 0.00034821245138085086)	(93.0, 0.0)	(94.0, 0.0005223186770712763)	(95.0, 0.0)	(96.0, 0.00017410622569042543)	(97.0, 0.0005223186770712763)	(98.0, 0.0006964249027617017)	(99.0, 0.00034821245138085086)	(100.0, 0.00046428326850780113)
SRR23106237_1	(0.0, 0.0418812704760976)	(1.0, 0.0209406352380488)	(2.0, 0.0)	(3.0, 0.0)	(4.0, 0.0)	(5.0, 0.0)	(6.0, 0.0)	(7.0, 0.0)	(8.0, 0.0)	(9.0, 0.0)	(10.0, 0.0)	(11.0, 0.0)	(12.0, 0.0)	(13.0, 0.0)	(14.0, 0.0)	(15.0, 0.0)	(16.0, 0.0)	(17.0, 0.0)	(18.0, 0.0)	(19.0, 0.0)	(20.0, 0.0003877895414453481)	(21.0, 0.0005816843121680222)	(22.0, 0.0005816843121680222)	(23.0, 0.0015511581657813925)	(24.0, 0.003877895414453481)	(25.0, 0.007820422419147854)	(26.0, 0.01137515988239688)	(27.0, 0.013314107589623621)	(28.0, 0.01919558230154473)	(29.0, 0.034836427139840455)	(30.0, 0.057457483724152415)	(31.0, 0.08240527755713638)	(32.0, 0.10392759710735318)	(33.0, 0.1317838125011776)	(34.0, 0.18083918949401456)	(35.0, 0.2306701455697414)	(36.0, 0.2715819421922248)	(37.0, 0.3375061642379327)	(38.0, 0.4046583864982183)	(39.0, 0.4597245013834592)	(40.0, 0.5281047238583255)	(41.0, 0.6413392699603723)	(42.0, 0.7404194977996617)	(43.0, 0.8744654159592663)	(44.0, 1.0259618634839045)	(45.0, 1.1824995750473297)	(46.0, 1.4131050890268113)	(47.0, 1.6905038743407215)	(48.0, 1.9509045514213108)	(49.0, 2.2159587029992505)	(50.0, 2.56884718571457)	(51.0, 2.992184101792474)	(52.0, 3.440016390571548)	(53.0, 3.931798160714354)	(54.0, 4.423838457218099)	(55.0, 4.873738956884812)	(56.0, 5.372177780822435)	(57.0, 5.737734055224799)	(58.0, 5.971054095994368)	(59.0, 6.122033490797041)	(60.0, 6.209997085114905)	(61.0, 6.034974738742601)	(62.0, 5.599680978470321)	(63.0, 4.960409919397848)	(64.0, 4.276478431468923)	(65.0, 3.497086084754236)	(66.0, 2.72086068596115)	(67.0, 2.0947098397073174)	(68.0, 1.5513520605520756)	(69.0, 1.0768915565937232)	(70.0, 0.7333746544634024)	(71.0, 0.45959523820297815)	(72.0, 0.2640846777242815)	(73.0, 0.15375855318308063)	(74.0, 0.10754696616084314)	(75.0, 0.06521327455305936)	(76.0, 0.03580590099345381)	(77.0, 0.017644424135763337)	(78.0, 0.013572633950587188)	(79.0, 0.00814358037035231)	(80.0, 0.002714526790117437)	(81.0, 0.0011633686243360444)	(82.0, 0.0)	(83.0, 0.0003877895414453481)	(84.0, 0.0003877895414453481)	(85.0, 0.0)	(86.0, 0.00019389477072267406)	(87.0, 0.0)	(88.0, 0.0)	(89.0, 0.0)	(90.0, 0.00019389477072267406)	(91.0, 0.00019389477072267406)	(92.0, 0.0)	(93.0, 0.0)	(94.0, 0.0)	(95.0, 0.0)	(96.0, 0.0)	(97.0, 0.0)	(98.0, 0.0)	(99.0, 0.0)	(100.0, 0.0)
SRR23106237_2	(0.0, 0.04241279033616876)	(1.0, 0.02120639516808438)	(2.0, 0.0)	(3.0, 0.0)	(4.0, 0.0)	(5.0, 0.0)	(6.0, 0.0)	(7.0, 0.0)	(8.0, 0.0)	(9.0, 0.0)	(10.0, 0.0)	(11.0, 0.0)	(12.0, 0.00019635551081559612)	(13.0, 0.00019635551081559612)	(14.0, 0.0)	(15.0, 0.00019635551081559612)	(16.0, 0.00019635551081559612)	(17.0, 0.00019635551081559612)	(18.0, 0.0)	(19.0, 0.0)	(20.0, 0.0008508738802009164)	(21.0, 0.0008508738802009164)	(22.0, 0.0005890665324467883)	(23.0, 0.0024217179667256855)	(24.0, 0.0039271102163119225)	(25.0, 0.006676087367730268)	(26.0, 0.009228709008333018)	(27.0, 0.013286722898522002)	(28.0, 0.02290814292848621)	(29.0, 0.03436221439272933)	(30.0, 0.050070655257977055)	(31.0, 0.07710226391359068)	(32.0, 0.11715878811997232)	(33.0, 0.1465466629053735)	(34.0, 0.1803198107656562)	(35.0, 0.22868871826323134)	(36.0, 0.25990924448291036)	(37.0, 0.3175068609888173)	(38.0, 0.3766098697443107)	(39.0, 0.4626790353184823)	(40.0, 0.5526098592720285)	(41.0, 0.6519002959077856)	(42.0, 0.7299188855385185)	(43.0, 0.8843852207134515)	(44.0, 1.0408805628334687)	(45.0, 1.2125607311232265)	(46.0, 1.401520184364753)	(47.0, 1.6651601835531555)	(48.0, 1.9234985839495802)	(49.0, 2.21220663668549)	(50.0, 2.5721917398474625)	(51.0, 3.016151549801586)	(52.0, 3.4507517470733955)	(53.0, 3.8878391141487922)	(54.0, 4.311050691793224)	(55.0, 4.706837949760415)	(56.0, 5.233332526093825)	(57.0, 5.649278949838092)	(58.0, 5.861473805192792)	(59.0, 6.034528462058223)	(60.0, 6.121644857023386)	(61.0, 5.988515820690453)	(62.0, 5.5609844218080795)	(63.0, 4.996200520865622)	(64.0, 4.276033959031125)	(65.0, 3.5315193138555063)	(66.0, 2.8445368333486996)	(67.0, 2.235572942472536)	(68.0, 1.683159438711267)	(69.0, 1.197964971485941)	(70.0, 0.7962215963572491)	(71.0, 0.5236801473451961)	(72.0, 0.33040087286570885)	(73.0, 0.21553289903858622)	(74.0, 0.13928150900519626)	(75.0, 0.07612048635951273)	(76.0, 0.04071104257576694)	(77.0, 0.021337298841961443)	(78.0, 0.014857566985046772)	(79.0, 0.009032353497517421)	(80.0, 0.004908887770389903)	(81.0, 0.0030107844991724736)	(82.0, 0.0009817775540779806)	(83.0, 0.0009817775540779806)	(84.0, 0.0011781330648935767)	(85.0, 0.0009817775540779806)	(86.0, 0.00039271102163119224)	(87.0, 0.00039271102163119224)	(88.0, 0.0011781330648935767)	(89.0, 0.0013744885757091727)	(90.0, 0.0007854220432623845)	(91.0, 0.00039271102163119224)	(92.0, 0.00039271102163119224)	(93.0, 0.00039271102163119224)	(94.0, 0.0007854220432623845)	(95.0, 0.0009817775540779806)	(96.0, 0.00039271102163119224)	(97.0, 0.0005890665324467883)	(98.0, 0.0007854220432623845)	(99.0, 0.00039271102163119224)	(100.0, 0.0010472293910165126)
SRR23106238_1	(0.0, 0.051595034815478204)	(1.0, 0.025797517407739102)	(2.0, 0.0)	(3.0, 0.0)	(4.0, 0.0)	(5.0, 0.0)	(6.0, 0.0)	(7.0, 0.0)	(8.0, 0.0)	(9.0, 0.0)	(10.0, 0.0)	(11.0, 0.0)	(12.0, 0.0)	(13.0, 0.0003350326936070013)	(14.0, 0.0003350326936070013)	(15.0, 0.0003350326936070013)	(16.0, 0.0010609368630888373)	(17.0, 0.003685359629677014)	(18.0, 0.006198104831729525)	(19.0, 0.011223595235834544)	(20.0, 0.01541150390592206)	(21.0, 0.02138625360858025)	(22.0, 0.029482877037416116)	(23.0, 0.03596017578048482)	(24.0, 0.0489147732666222)	(25.0, 0.08141294454650126)	(26.0, 0.13524153065269295)	(27.0, 0.19739009531679172)	(28.0, 0.2868438245098601)	(29.0, 0.399861519819956)	(30.0, 0.5819517887953661)	(31.0, 0.8538308196574411)	(32.0, 1.2531339516546909)	(33.0, 1.787343581611106)	(34.0, 2.4322256780224234)	(35.0, 3.3173262157497136)	(36.0, 4.435274475533656)	(37.0, 5.602695896406988)	(38.0, 6.749289451495436)	(39.0, 7.869415423788907)	(40.0, 8.693149139804474)	(41.0, 9.041918173849563)	(42.0, 8.821299145109224)	(43.0, 8.208580187283872)	(44.0, 7.085829792223835)	(45.0, 5.7530138982721315)	(46.0, 4.461407025635033)	(47.0, 3.2751679351375116)	(48.0, 2.271800856566887)	(49.0, 1.5408711966808548)	(50.0, 1.1276642078988817)	(51.0, 0.8782882062907511)	(52.0, 0.7087616633256167)	(53.0, 0.533651242133688)	(54.0, 0.37936868672766033)	(55.0, 0.25010190577762587)	(56.0, 0.1605364990200218)	(57.0, 0.09715948114603035)	(58.0, 0.06773244289088204)	(59.0, 0.05148335725094252)	(60.0, 0.04947316108930052)	(61.0, 0.04545276876601654)	(62.0, 0.039087147587483516)	(63.0, 0.037021112643573655)	(64.0, 0.035736820651413495)	(65.0, 0.02540664593186427)	(66.0, 0.0191527023178669)	(67.0, 0.019264379882402573)	(68.0, 0.017030828591689223)	(69.0, 0.0191527023178669)	(70.0, 0.01641660198674306)	(71.0, 0.012340370881191217)	(72.0, 0.010274335937281375)	(73.0, 0.004802135275033685)	(74.0, 0.0029594554601951786)	(75.0, 0.0006700653872140026)	(76.0, 0.0010050980808210038)	(77.0, 0.0010050980808210038)	(78.0, 0.0003350326936070013)	(79.0, 0.0)	(80.0, 0.0)	(81.0, 0.0003350326936070013)	(82.0, 0.0003350326936070013)	(83.0, 0.0)	(84.0, 0.0)	(85.0, 0.0)	(86.0, 0.0)	(87.0, 0.0)	(88.0, 0.0)	(89.0, 0.0)	(90.0, 0.0)	(91.0, 0.0)	(92.0, 0.0)	(93.0, 0.0)	(94.0, 0.0)	(95.0, 0.0)	(96.0, 0.0)	(97.0, 0.0)	(98.0, 0.0)	(99.0, 0.0)	(100.0, 0.0)
SRR23106238_2	(0.0, 0.05171163265488614)	(1.0, 0.02585581632744307)	(2.0, 0.0)	(3.0, 0.0)	(4.0, 0.0)	(5.0, 0.0)	(6.0, 0.0001678949112171628)	(7.0, 0.0)	(8.0, 0.0001678949112171628)	(9.0, 0.0003357898224343256)	(10.0, 0.0001678949112171628)	(11.0, 0.0003357898224343256)	(12.0, 0.0005036847336514884)	(13.0, 0.0001678949112171628)	(14.0, 0.0001678949112171628)	(15.0, 0.001455089230548744)	(16.0, 0.002294563786634558)	(17.0, 0.0023505287570402787)	(18.0, 0.006156146744629303)	(19.0, 0.008730535383292465)	(20.0, 0.010633344377086979)	(21.0, 0.016061946506441906)	(22.0, 0.02893388969975773)	(23.0, 0.040406708632930534)	(24.0, 0.0575319895770811)	(25.0, 0.08366763075655273)	(26.0, 0.12748820258423238)	(27.0, 0.1832293131083304)	(28.0, 0.2672886986577226)	(29.0, 0.3960081305908812)	(30.0, 0.5823714820419361)	(31.0, 0.8460784225936886)	(32.0, 1.2199244249038794)	(33.0, 1.7889762439892962)	(34.0, 2.46962221406378)	(35.0, 3.3254385415079253)	(36.0, 4.38177735791558)	(37.0, 5.560287704718923)	(38.0, 6.781499323942949)	(39.0, 7.828995675027535)	(40.0, 8.645132838454646)	(41.0, 9.074663986318747)	(42.0, 8.855896917002653)	(43.0, 8.207766594733611)	(44.0, 7.099772110640501)	(45.0, 5.792150577110037)	(46.0, 4.465724813524192)	(47.0, 3.2872144667208265)	(48.0, 2.3016713378761655)	(49.0, 1.5573931964503926)	(50.0, 1.1365925839697701)	(51.0, 0.8574952765564539)	(52.0, 0.6818771994233112)	(53.0, 0.5104564950705829)	(54.0, 0.3929860221889719)	(55.0, 0.25609570457657854)	(56.0, 0.16694350672026587)	(57.0, 0.10756467311979562)	(58.0, 0.07141130223769986)	(59.0, 0.05949076354128134)	(60.0, 0.0508161931283946)	(61.0, 0.04477197632457677)	(62.0, 0.04040670863293054)	(63.0, 0.03962319904725045)	(64.0, 0.03329915739140397)	(65.0, 0.027646695380426137)	(66.0, 0.02260984804391125)	(67.0, 0.02238598816228837)	(68.0, 0.019811599523625205)	(69.0, 0.015838086624819017)	(70.0, 0.015334401891167528)	(71.0, 0.01152878390357851)	(72.0, 0.009961764732218327)	(73.0, 0.0074433410639608835)	(74.0, 0.003525793135560418)	(75.0, 0.0020707039050116742)	(76.0, 0.0017349140825773488)	(77.0, 0.002182633845823116)	(78.0, 0.0011752643785201394)	(79.0, 0.0003357898224343256)	(80.0, 0.0)	(81.0, 0.0)	(82.0, 0.0)	(83.0, 0.0001678949112171628)	(84.0, 0.0005036847336514884)	(85.0, 0.0001678949112171628)	(86.0, 0.0001678949112171628)	(87.0, 0.0)	(88.0, 0.0)	(89.0, 0.0)	(90.0, 0.0001678949112171628)	(91.0, 0.0)	(92.0, 0.0)	(93.0, 0.0)	(94.0, 0.0001678949112171628)	(95.0, 0.0003357898224343256)	(96.0, 0.0001678949112171628)	(97.0, 0.0)	(98.0, 0.0001678949112171628)	(99.0, 0.0001678949112171628)	(100.0, 0.0002238598816228837)
SRR23106336_1	(0.0, 0.059026699506688575)	(1.0, 0.029513349753344287)	(2.0, 0.0)	(3.0, 0.0)	(4.0, 0.0)	(5.0, 0.0)	(6.0, 0.0)	(7.0, 0.0)	(8.0, 0.0)	(9.0, 0.0)	(10.0, 0.0)	(11.0, 0.0)	(12.0, 0.0)	(13.0, 0.0)	(14.0, 0.0)	(15.0, 0.0)	(16.0, 0.0)	(17.0, 0.0)	(18.0, 0.0)	(19.0, 0.0)	(20.0, 0.0)	(21.0, 0.0)	(22.0, 0.0)	(23.0, 0.0)	(24.0, 0.0002370550180991509)	(25.0, 0.0013038025995453298)	(26.0, 0.0015408576176444808)	(27.0, 0.0013038025995453298)	(28.0, 0.0014223301085949055)	(29.0, 0.0017779126357436318)	(30.0, 0.003200242744338537)	(31.0, 0.003970671553160778)	(32.0, 0.006044902961528348)	(33.0, 0.007230178052024103)	(34.0, 0.012623179713779785)	(35.0, 0.015467839930969594)	(36.0, 0.018845873938882495)	(37.0, 0.03277285625220762)	(38.0, 0.042432848239748036)	(39.0, 0.05001860881892085)	(40.0, 0.06394559113224589)	(41.0, 0.08492496023402071)	(42.0, 0.11746076146812934)	(43.0, 0.14537398984930458)	(44.0, 0.1685461178684967)	(45.0, 0.1974075663220681)	(46.0, 0.24410740488759997)	(47.0, 0.2943038049700948)	(48.0, 0.33116586028451206)	(49.0, 0.37549514866905304)	(50.0, 0.4477376654347719)	(51.0, 0.5516270271167276)	(52.0, 0.6713990750113275)	(53.0, 0.7923563979964172)	(54.0, 0.9306780010572632)	(55.0, 1.1819563202423475)	(56.0, 1.4572364600099654)	(57.0, 1.7375540189122507)	(58.0, 2.0966923713325087)	(59.0, 2.5181169297583286)	(60.0, 3.0383934307314613)	(61.0, 3.6597146331691617)	(62.0, 4.428543320619022)	(63.0, 5.297527753215738)	(64.0, 6.227494589218793)	(65.0, 7.028088649094652)	(66.0, 7.654091688140322)	(67.0, 7.999184530738276)	(68.0, 7.920126682202206)	(69.0, 7.37863375710891)	(70.0, 6.5196056352716445)	(71.0, 5.413803239593375)	(72.0, 4.205237493569709)	(73.0, 3.0196660843016203)	(74.0, 2.1024409555214114)	(75.0, 1.3870681746526288)	(76.0, 0.8732514229227469)	(77.0, 0.49923786811681325)	(78.0, 0.28541424179137714)	(79.0, 0.1696721292044674)	(80.0, 0.09582949106658173)	(81.0, 0.05144093892751574)	(82.0, 0.02773543711760066)	(83.0, 0.01226759718663106)	(84.0, 0.005689320434379622)	(85.0, 0.001066747581446179)	(86.0, 0.0003555825271487264)	(87.0, 0.0003555825271487264)	(88.0, 0.0005333737907230895)	(89.0, 0.0)	(90.0, 0.0003555825271487264)	(91.0, 0.0003555825271487264)	(92.0, 0.0)	(93.0, 0.0)	(94.0, 0.0)	(95.0, 0.0)	(96.0, 0.0)	(97.0, 0.0)	(98.0, 0.0)	(99.0, 0.0)	(100.0, 0.0)
SRR23106336_2	(0.0, 0.061576986627531596)	(1.0, 0.030788493313765798)	(2.0, 0.0)	(3.0, 0.0)	(4.0, 0.0)	(5.0, 0.0)	(6.0, 0.0)	(7.0, 0.0)	(8.0, 0.0)	(9.0, 0.0)	(10.0, 0.00018110878419862235)	(11.0, 0.00018110878419862235)	(12.0, 0.0)	(13.0, 0.0)	(14.0, 0.0)	(15.0, 0.0)	(16.0, 0.0)	(17.0, 0.00018110878419862235)	(18.0, 0.0003622175683972447)	(19.0, 0.0003622175683972447)	(20.0, 0.0)	(21.0, 0.0)	(22.0, 0.0)	(23.0, 0.0)	(24.0, 0.0)	(25.0, 0.00024147837893149647)	(26.0, 0.0009055439209931117)	(27.0, 0.0007244351367944894)	(28.0, 0.0009659135157259859)	(29.0, 0.0022336750051163423)	(30.0, 0.0034410668997738245)	(31.0, 0.004769197983897055)	(32.0, 0.005795481094355915)	(33.0, 0.008451743262602375)	(34.0, 0.008693221641533876)	(35.0, 0.014911289899019903)	(36.0, 0.021914162888033297)	(37.0, 0.033022168318882154)	(38.0, 0.041594650770950294)	(39.0, 0.05282339539126486)	(40.0, 0.06725172853242173)	(41.0, 0.08795849952579743)	(42.0, 0.11156301106635137)	(43.0, 0.13866895910141205)	(44.0, 0.16933671322571237)	(45.0, 0.2082147322336828)	(46.0, 0.25131862287295426)	(47.0, 0.2810204634815281)	(48.0, 0.3371641865831003)	(49.0, 0.39825821645276904)	(50.0, 0.45705820172259093)	(51.0, 0.5566680330318358)	(52.0, 0.6621337150301697)	(53.0, 0.8005008261579167)	(54.0, 0.980341848867138)	(55.0, 1.183908122306378)	(56.0, 1.4249639140747274)	(57.0, 1.7332110647808114)	(58.0, 2.097481199399015)	(59.0, 2.490547630704802)	(60.0, 3.0006103366029024)	(61.0, 3.606600328531353)	(62.0, 4.316305284210831)	(63.0, 5.1415576442090245)	(64.0, 6.016131963104043)	(65.0, 6.792364212179774)	(66.0, 7.444355835295076)	(67.0, 7.791179157035585)	(68.0, 7.724832972424145)	(69.0, 7.2398840179347275)	(70.0, 6.508144160177236)	(71.0, 5.489165770680942)	(72.0, 4.352225193076951)	(73.0, 3.292799175109936)	(74.0, 2.393231843995372)	(75.0, 1.5867544279588492)	(76.0, 1.030991938848019)	(77.0, 0.6336996359109817)	(78.0, 0.38008696843817513)	(79.0, 0.22427304443262724)	(80.0, 0.12961351989148076)	(81.0, 0.07938601707372946)	(82.0, 0.039360975765833923)	(83.0, 0.02155194531963606)	(84.0, 0.010745787862451592)	(85.0, 0.006580285825883279)	(86.0, 0.003622175683972447)	(87.0, 0.0030788493313765796)	(88.0, 0.001992196626184846)	(89.0, 0.001992196626184846)	(90.0, 0.0009055439209931117)	(91.0, 0.000543326352595867)	(92.0, 0.0009055439209931117)	(93.0, 0.001086652705191734)	(94.0, 0.00018110878419862235)	(95.0, 0.0)	(96.0, 0.0003622175683972447)	(97.0, 0.0)	(98.0, 0.00018110878419862235)	(99.0, 0.000543326352595867)	(100.0, 0.00048295675786299294)
SRR23106353_1	(0.0, 0.09257389461550508)	(1.0, 0.04628694730775254)	(2.0, 0.0)	(3.0, 0.0)	(4.0, 0.0)	(5.0, 0.0)	(6.0, 0.0)	(7.0, 0.0)	(8.0, 0.0)	(9.0, 0.0)	(10.0, 0.0)	(11.0, 0.0)	(12.0, 0.0002722761606338385)	(13.0, 0.001089104642535354)	(14.0, 0.0029042790467609437)	(15.0, 0.003993383689296298)	(16.0, 0.0042656598499301365)	(17.0, 0.0069430420961628814)	(18.0, 0.01247932402905093)	(19.0, 0.018650917003417932)	(20.0, 0.029315066628243288)	(21.0, 0.04592391242690742)	(22.0, 0.06557317535264941)	(23.0, 0.08635692228103245)	(24.0, 0.1216166850831146)	(25.0, 0.1871898604357638)	(26.0, 0.27318374783595073)	(27.0, 0.35155390273839143)	(28.0, 0.5013057910870043)	(29.0, 0.723846173045058)	(30.0, 1.0092823481095219)	(31.0, 1.3349700155877111)	(32.0, 1.7664823508322915)	(33.0, 2.395485661256584)	(34.0, 3.0891091804711)	(35.0, 3.8749889387803176)	(36.0, 4.870385202697591)	(37.0, 5.832246119497357)	(38.0, 6.565984993045924)	(39.0, 7.111081866635215)	(40.0, 7.730101717836611)	(41.0, 8.036593915990268)	(42.0, 7.787188952849522)	(43.0, 7.2390970414932285)	(44.0, 6.320664172314595)	(45.0, 5.1579542076872364)	(46.0, 4.132970600980839)	(47.0, 3.2555152939784455)	(48.0, 2.521504144269911)	(49.0, 1.9509948290218424)	(50.0, 1.441838408636504)	(51.0, 1.0828876702008592)	(52.0, 0.8698315745048939)	(53.0, 0.6426624978160714)	(54.0, 0.42502308674942496)	(55.0, 0.2632456679728151)	(56.0, 0.18678144619481313)	(57.0, 0.1234318594873403)	(58.0, 0.10201280151747821)	(59.0, 0.07859705170296802)	(60.0, 0.053819921085288706)	(61.0, 0.04592391242690742)	(62.0, 0.030041136389933536)	(63.0, 0.018877813803946132)	(64.0, 0.01688112195929798)	(65.0, 0.012252427228522727)	(66.0, 0.007623732497747479)	(67.0, 0.007487594417430557)	(68.0, 0.006307731054683924)	(69.0, 0.00549090257278241)	(70.0, 0.005037108971726012)	(71.0, 0.004628694730775255)	(72.0, 0.0027681409664440243)	(73.0, 0.002813520326549664)	(74.0, 0.0019513124845425092)	(75.0, 0.0009529665622184348)	(76.0, 0.00045379360105639744)	(77.0, 0.0002722761606338385)	(78.0, 0.0002722761606338385)	(79.0, 0.000544552321267677)	(80.0, 0.000544552321267677)	(81.0, 0.0002722761606338385)	(82.0, 0.0)	(83.0, 0.0002722761606338385)	(84.0, 0.0002722761606338385)	(85.0, 0.0)	(86.0, 0.0)	(87.0, 0.0)	(88.0, 0.0)	(89.0, 0.0)	(90.0, 0.0)	(91.0, 0.0)	(92.0, 0.0)	(93.0, 0.0)	(94.0, 0.0)	(95.0, 0.0)	(96.0, 0.0)	(97.0, 0.0)	(98.0, 0.0)	(99.0, 0.0)	(100.0, 0.0)
SRR23106353_2	(0.0, 0.09158203883604729)	(1.0, 0.045791019418023646)	(2.0, 0.0)	(3.0, 0.0)	(4.0, 0.0)	(5.0, 0.0)	(6.0, 0.0)	(7.0, 0.00013628279588697513)	(8.0, 0.00013628279588697513)	(9.0, 0.00013628279588697513)	(10.0, 0.0)	(11.0, 0.0)	(12.0, 0.00027256559177395027)	(13.0, 0.001090262367095801)	(14.0, 0.002180524734191602)	(15.0, 0.00399762867935127)	(16.0, 0.0054967394341079966)	(17.0, 0.008494960943621451)	(18.0, 0.012765155214746669)	(19.0, 0.01499110754756726)	(20.0, 0.02285008211038283)	(21.0, 0.041066549160608506)	(22.0, 0.0672328459709077)	(23.0, 0.08835667933338888)	(24.0, 0.12756069695020883)	(25.0, 0.18470861602548017)	(26.0, 0.2727018745698367)	(27.0, 0.3720066051728137)	(28.0, 0.49734134979020383)	(29.0, 0.6944517002413952)	(30.0, 0.9718326174700084)	(31.0, 1.311676482813504)	(32.0, 1.7583660601324318)	(33.0, 2.406163616581872)	(34.0, 3.0601393264446664)	(35.0, 3.832090509946889)	(36.0, 4.81105526040166)	(37.0, 5.823545578645274)	(38.0, 6.649055900931862)	(39.0, 7.128544204461172)	(40.0, 7.663863026705505)	(41.0, 8.033643679545717)	(42.0, 7.850706739866635)	(43.0, 7.244702574155419)	(44.0, 6.335741753187363)	(45.0, 5.189058308593752)	(46.0, 4.138136241910344)	(47.0, 3.2290391381472245)	(48.0, 2.540811018918162)	(49.0, 1.9638805163300137)	(50.0, 1.4098000958521366)	(51.0, 1.0890358219327967)	(52.0, 0.8646689123042183)	(53.0, 0.6440270657632162)	(54.0, 0.46172611246507467)	(55.0, 0.2954156738843322)	(56.0, 0.20619587017699312)	(57.0, 0.13287572598980096)	(58.0, 0.09944101339886292)	(59.0, 0.07759033845831784)	(60.0, 0.054740256347935)	(61.0, 0.040248852385286665)	(62.0, 0.02825596634723286)	(63.0, 0.021714392144658035)	(64.0, 0.01444597636401936)	(65.0, 0.010811768473700028)	(66.0, 0.008903809331282377)	(67.0, 0.009448940514830277)	(68.0, 0.007086705386122707)	(69.0, 0.004179339073867238)	(70.0, 0.002362235128707569)	(71.0, 0.003270787101287403)	(72.0, 0.0031799319040294195)	(73.0, 0.002180524734191602)	(74.0, 0.001090262367095801)	(75.0, 0.0012265451629827763)	(76.0, 0.0014991107547567264)	(77.0, 0.0006814139794348757)	(78.0, 0.00027256559177395027)	(79.0, 0.0005451311835479005)	(80.0, 0.0006814139794348757)	(81.0, 0.0005451311835479005)	(82.0, 0.0005451311835479005)	(83.0, 0.0006814139794348757)	(84.0, 0.00027256559177395027)	(85.0, 0.00013628279588697513)	(86.0, 0.00027256559177395027)	(87.0, 0.00027256559177395027)	(88.0, 0.00027256559177395027)	(89.0, 0.00027256559177395027)	(90.0, 0.00013628279588697513)	(91.0, 0.00013628279588697513)	(92.0, 0.0004088483876609254)	(93.0, 0.00027256559177395027)	(94.0, 0.0)	(95.0, 0.00027256559177395027)	(96.0, 0.0)	(97.0, 0.0)	(98.0, 0.00013628279588697513)	(99.0, 0.0)	(100.0, 0.0003634207890319337)
