Sample	0	1	2	3	4	5	6	7	8	9	10	11	12	13	14	15	16	17	18	19	20	21	22	23	24	25	26	27	28	29	30	31	32	33	34	35
SRR23106236_1	(2.0, 84.0)	(3.0, 0.0)	(4.0, 0.0)	(5.0, 0.0)	(6.0, 0.0)	(7.0, 0.0)	(8.0, 0.0)	(9.0, 0.0)	(10.0, 0.0)	(11.0, 0.0)	(12.0, 0.0)	(13.0, 0.0)	(14.0, 0.0)	(15.0, 0.0)	(16.0, 6.0)	(17.0, 12.0)	(18.0, 31.0)	(19.0, 50.0)	(20.0, 71.0)	(21.0, 154.0)	(22.0, 202.0)	(23.0, 336.0)	(24.0, 457.0)	(25.0, 657.0)	(26.0, 965.0)	(27.0, 1370.0)	(28.0, 1827.0)	(29.0, 2600.0)	(30.0, 3489.0)	(31.0, 4660.0)	(32.0, 6335.0)	(33.0, 9255.0)	(34.0, 14646.0)	(35.0, 25568.0)	(36.0, 56729.0)	(37.0, 163847.0)
SRR23106236_2	(2.0, 85.0)	(3.0, 0.0)	(4.0, 0.0)	(5.0, 0.0)	(6.0, 0.0)	(7.0, 0.0)	(8.0, 0.0)	(9.0, 0.0)	(10.0, 0.0)	(11.0, 1.0)	(12.0, 11.0)	(13.0, 44.0)	(14.0, 150.0)	(15.0, 428.0)	(16.0, 779.0)	(17.0, 1098.0)	(18.0, 1178.0)	(19.0, 1334.0)	(20.0, 1581.0)	(21.0, 1835.0)	(22.0, 2181.0)	(23.0, 2493.0)	(24.0, 2782.0)	(25.0, 3310.0)	(26.0, 3946.0)	(27.0, 4688.0)	(28.0, 5662.0)	(29.0, 6890.0)	(30.0, 8886.0)	(31.0, 11569.0)	(32.0, 15665.0)	(33.0, 21558.0)	(34.0, 29673.0)	(35.0, 39585.0)	(36.0, 46540.0)	(37.0, 79399.0)
SRR23106237_1	(2.0, 54.0)	(3.0, 0.0)	(4.0, 0.0)	(5.0, 0.0)	(6.0, 0.0)	(7.0, 0.0)	(8.0, 0.0)	(9.0, 0.0)	(10.0, 0.0)	(11.0, 0.0)	(12.0, 0.0)	(13.0, 1.0)	(14.0, 0.0)	(15.0, 1.0)	(16.0, 6.0)	(17.0, 16.0)	(18.0, 23.0)	(19.0, 54.0)	(20.0, 74.0)	(21.0, 125.0)	(22.0, 266.0)	(23.0, 343.0)	(24.0, 481.0)	(25.0, 783.0)	(26.0, 1137.0)	(27.0, 1604.0)	(28.0, 2068.0)	(29.0, 2731.0)	(30.0, 3700.0)	(31.0, 5141.0)	(32.0, 7087.0)	(33.0, 10116.0)	(34.0, 15890.0)	(35.0, 28267.0)	(36.0, 60856.0)	(37.0, 135573.0)
SRR23106237_2	(2.0, 54.0)	(3.0, 0.0)	(4.0, 0.0)	(5.0, 0.0)	(6.0, 0.0)	(7.0, 0.0)	(8.0, 0.0)	(9.0, 0.0)	(10.0, 0.0)	(11.0, 1.0)	(12.0, 17.0)	(13.0, 45.0)	(14.0, 148.0)	(15.0, 359.0)	(16.0, 740.0)	(17.0, 955.0)	(18.0, 1087.0)	(19.0, 1322.0)	(20.0, 1540.0)	(21.0, 1797.0)	(22.0, 2041.0)	(23.0, 2412.0)	(24.0, 2874.0)	(25.0, 3311.0)	(26.0, 3895.0)	(27.0, 4693.0)	(28.0, 5901.0)	(29.0, 7190.0)	(30.0, 9233.0)	(31.0, 12065.0)	(32.0, 16435.0)	(33.0, 22684.0)	(34.0, 30973.0)	(35.0, 40447.0)	(36.0, 43698.0)	(37.0, 60480.0)
SRR23106238_1	(2.0, 77.0)	(3.0, 0.0)	(4.0, 0.0)	(5.0, 0.0)	(6.0, 0.0)	(7.0, 0.0)	(8.0, 0.0)	(9.0, 0.0)	(10.0, 0.0)	(11.0, 0.0)	(12.0, 0.0)	(13.0, 0.0)	(14.0, 0.0)	(15.0, 1.0)	(16.0, 6.0)	(17.0, 7.0)	(18.0, 32.0)	(19.0, 29.0)	(20.0, 41.0)	(21.0, 62.0)	(22.0, 81.0)	(23.0, 114.0)	(24.0, 160.0)	(25.0, 270.0)	(26.0, 353.0)	(27.0, 639.0)	(28.0, 890.0)	(29.0, 1235.0)	(30.0, 1905.0)	(31.0, 2671.0)	(32.0, 3855.0)	(33.0, 5758.0)	(34.0, 9171.0)	(35.0, 16671.0)	(36.0, 43039.0)	(37.0, 202198.0)
SRR23106238_2	(2.0, 77.0)	(3.0, 0.0)	(4.0, 0.0)	(5.0, 0.0)	(6.0, 0.0)	(7.0, 0.0)	(8.0, 0.0)	(9.0, 0.0)	(10.0, 0.0)	(11.0, 1.0)	(12.0, 5.0)	(13.0, 13.0)	(14.0, 51.0)	(15.0, 113.0)	(16.0, 148.0)	(17.0, 195.0)	(18.0, 268.0)	(19.0, 330.0)	(20.0, 450.0)	(21.0, 530.0)	(22.0, 685.0)	(23.0, 868.0)	(24.0, 1122.0)	(25.0, 1314.0)	(26.0, 1577.0)	(27.0, 1923.0)	(28.0, 2309.0)	(29.0, 3038.0)	(30.0, 3918.0)	(31.0, 5088.0)	(32.0, 7074.0)	(33.0, 10507.0)	(34.0, 16885.0)	(35.0, 31794.0)	(36.0, 71501.0)	(37.0, 127481.0)
SRR23106336_1	(2.0, 83.0)	(3.0, 0.0)	(4.0, 0.0)	(5.0, 0.0)	(6.0, 0.0)	(7.0, 0.0)	(8.0, 0.0)	(9.0, 0.0)	(10.0, 0.0)	(11.0, 0.0)	(12.0, 0.0)	(13.0, 0.0)	(14.0, 0.0)	(15.0, 1.0)	(16.0, 14.0)	(17.0, 40.0)	(18.0, 51.0)	(19.0, 80.0)	(20.0, 130.0)	(21.0, 170.0)	(22.0, 333.0)	(23.0, 441.0)	(24.0, 643.0)	(25.0, 870.0)	(26.0, 1164.0)	(27.0, 1538.0)	(28.0, 2065.0)	(29.0, 2744.0)	(30.0, 3559.0)	(31.0, 4891.0)	(32.0, 6819.0)	(33.0, 10025.0)	(34.0, 15308.0)	(35.0, 26873.0)	(36.0, 54162.0)	(37.0, 137233.0)
SRR23106336_2	(2.0, 85.0)	(3.0, 0.0)	(4.0, 0.0)	(5.0, 0.0)	(6.0, 0.0)	(7.0, 0.0)	(8.0, 0.0)	(9.0, 0.0)	(10.0, 0.0)	(11.0, 0.0)	(12.0, 23.0)	(13.0, 87.0)	(14.0, 305.0)	(15.0, 807.0)	(16.0, 1302.0)	(17.0, 1517.0)	(18.0, 1628.0)	(19.0, 1799.0)	(20.0, 2090.0)	(21.0, 2375.0)	(22.0, 2782.0)	(23.0, 3105.0)	(24.0, 3645.0)	(25.0, 4159.0)	(26.0, 4902.0)	(27.0, 5828.0)	(28.0, 7125.0)	(29.0, 8905.0)	(30.0, 11131.0)	(31.0, 14339.0)	(32.0, 18296.0)	(33.0, 22425.0)	(34.0, 26324.0)	(35.0, 27660.0)	(36.0, 27770.0)	(37.0, 68823.0)
SRR23106353_1	(2.0, 170.0)	(3.0, 0.0)	(4.0, 0.0)	(5.0, 0.0)	(6.0, 0.0)	(7.0, 0.0)	(8.0, 0.0)	(9.0, 0.0)	(10.0, 0.0)	(11.0, 0.0)	(12.0, 0.0)	(13.0, 0.0)	(14.0, 0.0)	(15.0, 0.0)	(16.0, 3.0)	(17.0, 9.0)	(18.0, 20.0)	(19.0, 42.0)	(20.0, 47.0)	(21.0, 74.0)	(22.0, 100.0)	(23.0, 119.0)	(24.0, 155.0)	(25.0, 261.0)	(26.0, 399.0)	(27.0, 498.0)	(28.0, 821.0)	(29.0, 1239.0)	(30.0, 1819.0)	(31.0, 2715.0)	(32.0, 3893.0)	(33.0, 6037.0)	(34.0, 9545.0)	(35.0, 17157.0)	(36.0, 43910.0)	(37.0, 223452.0)
SRR23106353_2	(2.0, 168.0)	(3.0, 0.0)	(4.0, 0.0)	(5.0, 0.0)	(6.0, 0.0)	(7.0, 0.0)	(8.0, 0.0)	(9.0, 0.0)	(10.0, 0.0)	(11.0, 0.0)	(12.0, 4.0)	(13.0, 17.0)	(14.0, 49.0)	(15.0, 69.0)	(16.0, 92.0)	(17.0, 109.0)	(18.0, 155.0)	(19.0, 212.0)	(20.0, 267.0)	(21.0, 395.0)	(22.0, 510.0)	(23.0, 587.0)	(24.0, 782.0)	(25.0, 1015.0)	(26.0, 1211.0)	(27.0, 1552.0)	(28.0, 2008.0)	(29.0, 2606.0)	(30.0, 3478.0)	(31.0, 4608.0)	(32.0, 6626.0)	(33.0, 9778.0)	(34.0, 16274.0)	(35.0, 31086.0)	(36.0, 70442.0)	(37.0, 158385.0)
