Sample	0	1	2	3	4	5	6	7	8	9	10	11	12	13	14	15	16	17	18	19	20	21	22	23	24	25	26	27	28	29	30	31	32	33	34	35	36	37	38	39	40	41	42	43	44	45	46	47	48	49	50	51	52	53	54	55	56	57	58	59	60	61	62	63	64	65	66	67
SRR23106236_1	(1, 33.850878299375154)	(2, 33.83997668322249)	(3, 33.86288780334821)	(4, 33.863896833486166)	(5, 33.87211906555628)	(6, 37.745243752364914)	(7, 37.74557100538263)	(8, 37.68420765567528)	(9, 37.67098117954259)	(10, 37.63431997845584)	(15, 37.636734833015744)	(20, 37.62497213236021)	(25, 37.595518678988654)	(30, 37.582996478621176)	(35, 37.5636480039572)	(40, 37.414647920671314)	(45, 37.46084904820696)	(50, 37.54233894934982)	(55, 37.52664273532524)	(60, 37.5114117298638)	(65, 37.49039785700561)	(70, 37.48656867606453)	(75, 37.46628768343627)	(80, 37.46064799692651)	(85, 37.44365467094191)	(90, 37.404355182216)	(95, 37.37916186590644)	(100, 37.3545828016986)	(105, 37.343120098527905)	(110, 37.244712585736096)	(115, 37.25660889766775)	(120, 37.28511336430928)	(125, 37.25040229051329)	(130, 37.29089086591909)	(135, 37.27879412647571)	(140, 37.22841098465277)	(145, 37.1617039056383)	(150, 37.16633038890642)	(155, 37.13385127016416)	(160, 37.112092054543275)	(165, 37.051082310405484)	(170, 36.95630991765397)	(175, 36.910779922467256)	(180, 36.83598043767921)	(185, 36.7502145334664)	(190, 36.68275140824785)	(195, 36.6155155521239)	(200, 36.49116960808813)	(205, 36.35227458331937)	(210, 36.13674658487093)	(215, 36.00343473822196)	(220, 35.77802231780483)	(225, 35.463336712765724)	(230, 35.041216304070176)	(235, 34.76563049376598)	(240, 34.367322373919905)	(245, 34.04117535622851)	(250, 33.498566371813794)	(255, 33.04070521382365)	(260, 32.626947992091665)	(265, 32.21972260529488)	(270, 31.629122223744112)	(275, 30.943105248607065)	(280, 30.57345284230454)	(285, 30.01783152521138)	(290, 29.505057150749685)	(295, 28.926156193193513)	(300, 23.242111672956547)
SRR23106236_2	(1, 32.76960023998554)	(2, 33.12587650971021)	(3, 33.29388002768015)	(4, 33.2432205787606)	(5, 33.20692958265013)	(6, 36.853203159355175)	(7, 36.51050788986572)	(8, 36.72575174449721)	(9, 36.8986913288177)	(10, 36.93111801221063)	(15, 36.86827452437524)	(20, 36.89316279814966)	(25, 36.86661712419593)	(30, 36.79333358331827)	(35, 36.798577607632765)	(40, 36.77011773215706)	(45, 36.71232134528266)	(50, 36.63763873869733)	(55, 36.63733426076453)	(60, 36.33653405551954)	(65, 36.51614268611593)	(70, 36.51506349968454)	(75, 36.46595232085334)	(80, 36.45363501579048)	(85, 36.45997400526172)	(90, 36.426773014284116)	(95, 36.39235202234603)	(100, 36.29064489088963)	(105, 36.29452441670715)	(110, 36.17932073539783)	(115, 36.09540330733643)	(120, 36.096838519609605)	(125, 35.941975648752944)	(130, 35.90480305331591)	(135, 35.93607740331665)	(140, 35.81829298180858)	(145, 35.73017469428602)	(150, 35.65425012418297)	(155, 35.57953279328762)	(160, 35.36820426530376)	(165, 35.273175280187466)	(170, 35.11209164049612)	(175, 34.938527879394755)	(180, 34.707844953836705)	(185, 34.5127623984694)	(190, 34.363130634577075)	(195, 34.099321237958975)	(200, 33.767488507454985)	(205, 33.6816319439316)	(210, 33.38046955645556)	(215, 32.9692446659259)	(220, 32.349922969622114)	(225, 31.45703819247463)	(230, 30.70967673476307)	(235, 29.749903890823777)	(240, 28.89265342933195)	(245, 27.706286809552847)	(250, 26.674251829798585)	(255, 25.845423055325945)	(260, 25.06024394945192)	(265, 24.25957762480072)	(270, 23.660241306298943)	(275, 22.97952576680862)	(280, 22.202024809328655)	(285, 21.498109876863868)	(290, 20.825362351786165)	(295, 19.977437428092685)	(300, 16.243169685305887)
SRR23106237_1	(1, 33.83916974496829)	(2, 33.80449860164908)	(3, 33.84850414440099)	(4, 33.85626472067352)	(5, 33.87905078564528)	(6, 37.72809400970343)	(7, 37.7167552469817)	(8, 37.64616113778369)	(9, 37.62693516933975)	(10, 37.603869795981865)	(15, 37.595669996418195)	(20, 37.59062797353083)	(25, 37.55412034139299)	(30, 37.5411462497784)	(35, 37.513600271754825)	(40, 37.36777106819727)	(45, 37.414913101143824)	(50, 37.48993278590043)	(55, 37.47566585955916)	(60, 37.45337358135875)	(65, 37.42577415092698)	(70, 37.417948471871824)	(75, 37.39602766929219)	(80, 37.395410336245504)	(85, 37.378021251455344)	(90, 37.32576808938007)	(95, 37.29767014740958)	(100, 37.27286529036595)	(105, 37.25457656272249)	(110, 37.15621155307628)	(115, 37.17402271440407)	(120, 37.19289191557935)	(125, 37.15891387392128)	(130, 37.19595699487154)	(135, 37.18150101710257)	(140, 37.12358541824841)	(145, 37.05703482570691)	(150, 37.058536680042145)	(155, 37.032321344044306)	(160, 36.99435146897181)	(165, 36.93019236337568)	(170, 36.82921202435241)	(175, 36.77673786817881)	(180, 36.698801065219655)	(185, 36.60476375775392)	(190, 36.53144404739097)	(195, 36.4571564717761)	(200, 36.3213064601855)	(205, 36.169630858116136)	(210, 35.93288832289786)	(215, 35.808307592891516)	(220, 35.563462608139346)	(225, 35.245094106103025)	(230, 34.79014273438638)	(235, 34.481281865601225)	(240, 34.07118920155526)	(245, 33.6963163210378)	(250, 33.15098279841973)	(255, 32.64516659160386)	(260, 32.2283619485143)	(265, 31.78417095970638)	(270, 31.14956684177834)	(275, 30.39839659399982)	(280, 29.988155060569596)	(285, 29.38714499434193)	(290, 28.870754055741635)	(295, 28.287562991832612)	(300, 22.738366474377294)
SRR23106237_2	(1, 32.7417121025192)	(2, 33.12625317930368)	(3, 33.293820121057756)	(4, 33.23836727605582)	(5, 33.18418796151912)	(6, 36.810786658321184)	(7, 36.426202165725385)	(8, 36.69079982778395)	(9, 36.88439454842129)	(10, 36.916779849274775)	(15, 36.859169962047346)	(20, 36.88057757500986)	(25, 36.85068578891956)	(30, 36.77846069240983)	(35, 36.78796400365046)	(40, 36.755074803702485)	(45, 36.685906938974156)	(50, 36.60926909854115)	(55, 36.60507279054921)	(60, 36.2935794049445)	(65, 36.480972277429906)	(70, 36.478975770960815)	(75, 36.41889133167483)	(80, 36.41448958484186)	(85, 36.41556748558207)	(90, 36.38539408504532)	(95, 36.34067690742306)	(100, 36.242789262803036)	(105, 36.23983849212641)	(110, 36.122325954543655)	(115, 36.040152542907336)	(120, 36.03866143692629)	(125, 35.88531776646447)	(130, 35.83705961489618)	(135, 35.86784792625664)	(140, 35.74728859485286)	(145, 35.65439948788101)	(150, 35.56783573804876)	(155, 35.50000299154078)	(160, 35.28319987489674)	(165, 35.18131556046201)	(170, 35.02589100610611)	(175, 34.85477996012317)	(180, 34.60532068243862)	(185, 34.40433062389638)	(190, 34.25444512137928)	(195, 34.00155003264119)	(200, 33.65538181789837)	(205, 33.56899119427982)	(210, 33.267132619939915)	(215, 32.82990330582796)	(220, 32.20738978672318)	(225, 31.295494320922728)	(230, 30.54968272395945)	(235, 29.59988551351762)	(240, 28.688645432037305)	(245, 27.507406216908628)	(250, 26.46967054596514)	(255, 25.650353762027844)	(260, 24.869176382584307)	(265, 24.07684228965638)	(270, 23.4486360147219)	(275, 22.75977535906702)	(280, 22.010784984831826)	(285, 21.328735888996363)	(290, 20.6729789774191)	(295, 19.82013441727443)	(300, 16.11186310759171)
SRR23106238_1	(1, 33.857621903790644)	(2, 33.836271239175154)	(3, 33.86731198036403)	(4, 33.87493820545175)	(5, 33.88866264497952)	(6, 37.768437246123796)	(7, 37.75666603287643)	(8, 37.715755449155616)	(9, 37.68962370145023)	(10, 37.656736210741016)	(15, 37.666040481911054)	(20, 37.652112768568614)	(25, 37.63133389798282)	(30, 37.62495151504676)	(35, 37.611388180007964)	(40, 37.45836925545274)	(45, 37.51622065751694)	(50, 37.59693750217366)	(55, 37.58984314873815)	(60, 37.577421315455844)	(65, 37.564140989344104)	(70, 37.5667115871704)	(75, 37.54665175372445)	(80, 37.54867895848235)	(85, 37.54035629512864)	(90, 37.51027654659857)	(95, 37.49075450759072)	(100, 37.472030984346105)	(105, 37.463430017694705)	(110, 37.37030128877733)	(115, 37.39244112310928)	(120, 37.43215154482086)	(125, 37.41572943263083)	(130, 37.447619165268335)	(135, 37.45321874295321)	(140, 37.421981237720544)	(145, 37.37917379035678)	(150, 37.39545019487806)	(155, 37.37882015528827)	(160, 37.37108592054802)	(165, 37.33511798836673)	(170, 37.284349222867625)	(175, 37.25599833217361)	(180, 37.20982609943444)	(185, 37.158546615155544)	(190, 37.12860580364326)	(195, 37.08370140801751)	(200, 36.99310343467957)	(205, 36.90705045401388)	(210, 36.74991224029335)	(215, 36.68244922854318)	(220, 36.537139539302515)	(225, 36.351865489737364)	(230, 36.089899411052016)	(235, 35.91210223055407)	(240, 35.68695466598509)	(245, 35.468641583388504)	(250, 35.09165004243664)	(255, 34.78236184976329)	(260, 34.50631553763393)	(265, 34.246255029837585)	(270, 33.826499769262135)	(275, 33.327930571697394)	(280, 33.04493813161122)	(285, 32.61284872320734)	(290, 32.21009437040584)	(295, 31.763395033126084)	(300, 26.324929047791336)
SRR23106238_2	(1, 33.18871968610098)	(2, 33.42153388761171)	(3, 33.49758871622906)	(4, 33.45900817589408)	(5, 33.457559677112684)	(6, 37.22352859834408)	(7, 36.91587990251154)	(8, 37.06598793493855)	(9, 37.200490899348345)	(10, 37.23877344303666)	(15, 37.215976353862374)	(20, 37.24633329300123)	(25, 37.23995782414049)	(30, 37.191794375399716)	(35, 37.22107389356361)	(40, 37.19814832824948)	(45, 37.15286161369066)	(50, 37.10587998063313)	(55, 37.110841098088045)	(60, 36.799255754723205)	(65, 37.037384319327344)	(70, 37.04900787496683)	(75, 37.02429037234753)	(80, 37.03152704524341)	(85, 37.04304743236142)	(90, 37.03578529046741)	(95, 37.01683719926079)	(100, 36.954128506417945)	(105, 36.967584401256296)	(110, 36.89956805388318)	(115, 36.85942769803442)	(120, 36.88266267312811)	(125, 36.79752317146605)	(130, 36.795161449742366)	(135, 36.839368426883524)	(140, 36.78708607498297)	(145, 36.7495172429625)	(150, 36.721864218496535)	(155, 36.71024644948069)	(160, 36.604450231085885)	(165, 36.58469965003234)	(170, 36.51647191129648)	(175, 36.43403109647237)	(180, 36.32252043195323)	(185, 36.22650966118265)	(190, 36.16452176040724)	(195, 36.04340861666112)	(200, 35.87845654806205)	(205, 35.85893294045485)	(210, 35.74062895377871)	(215, 35.52120444371601)	(220, 35.166457491911515)	(225, 34.623036681780924)	(230, 34.20994087934745)	(235, 33.722085340122064)	(240, 33.252420236191014)	(245, 32.61925474404131)	(250, 32.03428320368929)	(255, 31.490092928713757)	(260, 30.963011151992)	(265, 30.401986672590446)	(270, 29.9585944226694)	(275, 29.4001339975702)	(280, 28.76602515945969)	(285, 28.234460933582177)	(290, 27.70544161757101)	(295, 26.873910324935537)	(300, 21.789190079064646)
SRR23106336_1	(1, 33.8534005355876)	(2, 33.83469582561089)	(3, 33.85912411741328)	(4, 33.86211404821774)	(5, 33.86276774737499)	(6, 37.72457351701289)	(7, 37.72205528957758)	(8, 37.66559573907004)	(9, 37.65708650742654)	(10, 37.61740325438183)	(15, 37.611589788922025)	(20, 37.59783759290142)	(25, 37.567104818431346)	(30, 37.55341502096665)	(35, 37.529615081676404)	(40, 37.382402552263414)	(45, 37.42295221556986)	(50, 37.505399642784155)	(55, 37.48656518378633)	(60, 37.463841103220915)	(65, 37.43321853504675)	(70, 37.427789399392864)	(75, 37.400038476717874)	(80, 37.389490683954705)	(85, 37.37847694421979)	(90, 37.33165954545187)	(95, 37.30459979165569)	(100, 37.27388804517359)	(105, 37.25407356224128)	(110, 37.15974487702734)	(115, 37.15684315623285)	(120, 37.17269290111828)	(125, 37.13579820474722)	(130, 37.16792932665281)	(135, 37.15423422572202)	(140, 37.080444255346926)	(145, 37.011513562084595)	(150, 37.00096567237954)	(155, 36.95808141539415)	(160, 36.92706698129764)	(165, 36.85680176147251)	(170, 36.745818783255906)	(175, 36.68585510511973)	(180, 36.59791429753717)	(185, 36.507730517677196)	(190, 36.427396523987134)	(195, 36.34165845485942)	(200, 36.184233462322666)	(205, 36.028543306408)	(210, 35.74992457741062)	(215, 35.61433130658452)	(220, 35.33690289797786)	(225, 34.97045907544088)	(230, 34.44849697313468)	(235, 34.1084993959793)	(240, 33.65313750969562)	(245, 33.22307708159782)	(250, 32.62891924185071)	(255, 32.062424252316255)	(260, 31.548207768755663)	(265, 31.061720339032274)	(270, 30.35245799864536)	(275, 29.529262488861217)	(280, 29.047054374504796)	(285, 28.34225398546473)	(290, 27.719635423272763)	(295, 27.062831423971108)	(300, 21.36052783472328)
SRR23106336_2	(1, 32.525811831211904)	(2, 33.00161939109409)	(3, 33.09296270572024)	(4, 33.29746654434569)	(5, 33.22467937170597)	(6, 36.46780345940565)	(7, 36.448519334266834)	(8, 36.59270456883712)	(9, 36.74942151338783)	(10, 36.78970572395325)	(15, 36.71156490378365)	(20, 36.745085556591405)	(25, 36.69344258032886)	(30, 36.610751122616875)	(35, 36.59235983776224)	(40, 36.56372166881086)	(45, 36.508190134351615)	(50, 36.42152383375771)	(55, 36.4002014128888)	(60, 36.09886929485474)	(65, 36.23059875769706)	(70, 36.2241961356496)	(75, 36.14625818568241)	(80, 36.122482858149354)	(85, 36.124166562101784)	(90, 36.07328384011711)	(95, 36.0027918947233)	(100, 35.86845202264773)	(105, 35.8634573328079)	(110, 35.68925583470717)	(115, 35.57412622668919)	(120, 35.55757023820975)	(125, 35.34171652855673)	(130, 35.24365744022653)	(135, 35.26008020968551)	(140, 35.07156011482121)	(145, 34.91698617512661)	(150, 34.78707847595302)	(155, 34.66852221200803)	(160, 34.39059540178136)	(165, 34.24670521576034)	(170, 34.022503807494374)	(175, 33.771233677346956)	(180, 33.452417069972505)	(185, 33.18449034460413)	(190, 32.96397007769163)	(195, 32.57645359641564)	(200, 32.12271277089074)	(205, 31.92897464261683)	(210, 31.51270805010327)	(215, 30.90555898549219)	(220, 30.137669921566374)	(225, 29.058913791225866)	(230, 28.13795228092448)	(235, 26.977343269410056)	(240, 25.93855649011282)	(245, 24.56080700132103)	(250, 23.370994849085797)	(255, 22.458717317294976)	(260, 21.5655323915021)	(265, 20.74299818653717)	(270, 20.04384900017481)	(275, 19.35145016435461)	(280, 18.595954724999658)	(285, 17.88882938413798)	(290, 17.244054058747302)	(295, 16.493370430812153)	(300, 13.539740691106726)
SRR23106353_1	(1, 33.84503576171656)	(2, 33.82253228154951)	(3, 33.855033041586)	(4, 33.86352624925996)	(5, 33.875232411155736)	(6, 37.748253516168774)	(7, 37.74758788421844)	(8, 37.69418692097221)	(9, 37.66496311822967)	(10, 37.64071555434661)	(15, 37.64589980319056)	(20, 37.633973470726595)	(25, 37.61155831479911)	(30, 37.604795110165284)	(35, 37.59499943202678)	(40, 37.446412424411946)	(45, 37.50665171625647)	(50, 37.587162253633025)	(55, 37.576401022545255)	(60, 37.56567265691441)	(65, 37.54945972542763)	(70, 37.54705079929546)	(75, 37.53277164385838)	(80, 37.535124902934356)	(85, 37.524960856215806)	(90, 37.49310722820375)	(95, 37.47342981994714)	(100, 37.45372282399654)	(105, 37.44768576859008)	(110, 37.34602147574561)	(115, 37.374173512094764)	(120, 37.41572100328375)	(125, 37.39703223775339)	(130, 37.43546771690431)	(135, 37.44750625637616)	(140, 37.40967752829805)	(145, 37.35865857993118)	(150, 37.379446057903934)	(155, 37.364110797790886)	(160, 37.35619661747542)	(165, 37.31853658719079)	(170, 37.259587833760506)	(175, 37.237071366780675)	(180, 37.192721784975824)	(185, 37.14066989640973)	(190, 37.10267446149072)	(195, 37.055378073414744)	(200, 36.97014836196325)	(205, 36.870236331284715)	(210, 36.70457593909106)	(215, 36.63103716437)	(220, 36.488040213338444)	(225, 36.29947832736518)	(230, 36.02581657574922)	(235, 35.84047009199437)	(240, 35.58805693975762)	(245, 35.35689343255829)	(250, 34.98835139845972)	(255, 34.64222511483375)	(260, 34.34145978040282)	(265, 34.06074784629257)	(270, 33.604628920055006)	(275, 33.09188102197064)	(280, 32.77953196239953)	(285, 32.30867570229625)	(290, 31.86942668630531)	(295, 31.39178983749242)	(300, 25.93825259757857)
SRR23106353_2	(1, 33.405974686784965)	(2, 33.513752660127686)	(3, 33.58594812551002)	(4, 33.628113349440774)	(5, 33.60042882058339)	(6, 37.441147575083605)	(7, 37.386632958382)	(8, 37.31697521481031)	(9, 37.38479927036498)	(10, 37.392884778469366)	(15, 37.35681328703778)	(20, 37.39127702129703)	(25, 37.37720530585468)	(30, 37.32095044562139)	(35, 37.34293391829782)	(40, 37.3394780861161)	(45, 37.309934442020186)	(50, 37.264147153996205)	(55, 37.26049240665664)	(60, 36.949436999363044)	(65, 37.18217851912395)	(70, 37.20160713928847)	(75, 37.16729148672539)	(80, 37.172428895781096)	(85, 37.19012870085389)	(90, 37.17874471325528)	(95, 37.155235349078616)	(100, 37.099731121013306)	(105, 37.10898242631611)	(110, 37.03818597442516)	(115, 36.99480868584489)	(120, 37.02318191721345)	(125, 36.93809413372577)	(130, 36.93307585480049)	(135, 36.97757051297954)	(140, 36.91604747240521)	(145, 36.88442512112478)	(150, 36.864726753707544)	(155, 36.847821384841815)	(160, 36.73938089573435)	(165, 36.71299718202608)	(170, 36.65617316865702)	(175, 36.570809892922696)	(180, 36.455700089754224)	(185, 36.36150646474774)	(190, 36.30879101928191)	(195, 36.1839710960817)	(200, 36.00474966219936)	(205, 35.99709356468413)	(210, 35.88993416786138)	(215, 35.65479799590724)	(220, 35.30106575253363)	(225, 34.75564481416404)	(230, 34.33388253370452)	(235, 33.83647116385575)	(240, 33.365969145690855)	(245, 32.690210915315525)	(250, 32.103100072278544)	(255, 31.53613611794243)	(260, 30.999465364451304)	(265, 30.407195726696)	(270, 29.950516465797556)	(275, 29.40815731954221)	(280, 28.752086495975487)	(285, 28.185851982615237)	(290, 27.613385279629448)	(295, 26.775395982373492)	(300, 21.751187688037636)
