Sample	0	1	2	3	4	5	6	7	8	9	10	11	12	13	14	15	16	17	18	19	20	21	22	23	24	25	26	27
SRR23106236_1	(30, 250.0)	(40, 519.0)	(50, 635.0)	(60, 753.0)	(70, 929.0)	(80, 1121.0)	(90, 1404.0)	(100, 1658.0)	(110, 2007.0)	(120, 2378.0)	(130, 2833.0)	(140, 3461.0)	(150, 4121.0)	(160, 4661.0)	(170, 5252.0)	(180, 6049.0)	(190, 6488.0)	(200, 6953.0)	(210, 7618.0)	(220, 7789.0)	(230, 8085.0)	(240, 8249.0)	(250, 8219.0)	(260, 8228.0)	(270, 8030.0)	(280, 7911.0)	(290, 19770.0)	(300, 157980.0)
SRR23106236_2	(30, 252.0)	(40, 520.0)	(50, 632.0)	(60, 750.0)	(70, 926.0)	(80, 1128.0)	(90, 1411.0)	(100, 1656.0)	(110, 2002.0)	(120, 2372.0)	(130, 2824.0)	(140, 3446.0)	(150, 4111.0)	(160, 4647.0)	(170, 5217.0)	(180, 6023.0)	(190, 6438.0)	(200, 6893.0)	(210, 7540.0)	(220, 7659.0)	(230, 7884.0)	(240, 7969.0)	(250, 7838.0)	(260, 7656.0)	(270, 7259.0)	(280, 6852.0)	(290, 13997.0)	(300, 167449.0)
SRR23106237_1	(30, 182.0)	(40, 346.0)	(50, 418.0)	(60, 531.0)	(70, 710.0)	(80, 800.0)	(90, 943.0)	(100, 1158.0)	(110, 1426.0)	(120, 1655.0)	(130, 2005.0)	(140, 2395.0)	(150, 2868.0)	(160, 3314.0)	(170, 3890.0)	(180, 4337.0)	(190, 4950.0)	(200, 5463.0)	(210, 6087.0)	(220, 6533.0)	(230, 6979.0)	(240, 7277.0)	(250, 7597.0)	(260, 7650.0)	(270, 7692.0)	(280, 7629.0)	(290, 19610.0)	(300, 161952.0)
SRR23106237_2	(30, 182.0)	(40, 345.0)	(50, 417.0)	(60, 528.0)	(70, 709.0)	(80, 803.0)	(90, 945.0)	(100, 1158.0)	(110, 1425.0)	(120, 1657.0)	(130, 2001.0)	(140, 2400.0)	(150, 2865.0)	(160, 3308.0)	(170, 3871.0)	(180, 4315.0)	(190, 4916.0)	(200, 5417.0)	(210, 6019.0)	(220, 6437.0)	(230, 6798.0)	(240, 7023.0)	(250, 7217.0)	(260, 7072.0)	(270, 6922.0)	(280, 6555.0)	(290, 14012.0)	(300, 171080.0)
SRR23106238_1	(30, 291.0)	(40, 563.0)	(50, 724.0)	(60, 878.0)	(70, 1080.0)	(80, 1283.0)	(90, 1588.0)	(100, 1856.0)	(110, 2227.0)	(120, 2759.0)	(130, 3260.0)	(140, 3825.0)	(150, 4493.0)	(160, 5250.0)	(170, 5910.0)	(180, 6616.0)	(190, 7445.0)	(200, 8064.0)	(210, 8514.0)	(220, 9077.0)	(230, 9186.0)	(240, 9419.0)	(250, 9321.0)	(260, 9197.0)	(270, 8933.0)	(280, 8756.0)	(290, 18835.0)	(300, 139915.0)
SRR23106238_2	(30, 289.0)	(40, 563.0)	(50, 724.0)	(60, 878.0)	(70, 1081.0)	(80, 1283.0)	(90, 1599.0)	(100, 1870.0)	(110, 2241.0)	(120, 2764.0)	(130, 3258.0)	(140, 3828.0)	(150, 4497.0)	(160, 5248.0)	(170, 5892.0)	(180, 6619.0)	(190, 7420.0)	(200, 8051.0)	(210, 8486.0)	(220, 9061.0)	(230, 9161.0)	(240, 9379.0)	(250, 9261.0)	(260, 9086.0)	(270, 8799.0)	(280, 8557.0)	(290, 17415.0)	(300, 141955.0)
SRR23106336_1	(30, 270.0)	(40, 512.0)	(50, 612.0)	(60, 802.0)	(70, 1040.0)	(80, 1239.0)	(90, 1594.0)	(100, 2015.0)	(110, 2448.0)	(120, 2919.0)	(130, 3674.0)	(140, 4244.0)	(150, 5012.0)	(160, 5455.0)	(170, 6194.0)	(180, 6650.0)	(190, 7111.0)	(200, 7374.0)	(210, 7462.0)	(220, 7781.0)	(230, 7675.0)	(240, 7725.0)	(250, 7454.0)	(260, 7289.0)	(270, 7190.0)	(280, 6712.0)	(290, 15214.0)	(300, 135570.0)
SRR23106336_2	(30, 271.0)	(40, 512.0)	(50, 610.0)	(60, 800.0)	(70, 1039.0)	(80, 1236.0)	(90, 1586.0)	(100, 2017.0)	(110, 2446.0)	(120, 2909.0)	(130, 3656.0)	(140, 4234.0)	(150, 4981.0)	(160, 5401.0)	(170, 6103.0)	(180, 6545.0)	(190, 6989.0)	(200, 7197.0)	(210, 7233.0)	(220, 7477.0)	(230, 7208.0)	(240, 7079.0)	(250, 6603.0)	(260, 6174.0)	(270, 5667.0)	(280, 4856.0)	(290, 8928.0)	(300, 149480.0)
SRR23106353_1	(30, 561.0)	(40, 1264.0)	(50, 1482.0)	(60, 1800.0)	(70, 2122.0)	(80, 2438.0)	(90, 2862.0)	(100, 3455.0)	(110, 4014.0)	(120, 4619.0)	(130, 5628.0)	(140, 6278.0)	(150, 7139.0)	(160, 8056.0)	(170, 8978.0)	(180, 9765.0)	(190, 10681.0)	(200, 11106.0)	(210, 11558.0)	(220, 11699.0)	(230, 11600.0)	(240, 11492.0)	(250, 11280.0)	(260, 10747.0)	(270, 10298.0)	(280, 9858.0)	(290, 17774.0)	(300, 113931.0)
SRR23106353_2	(30, 561.0)	(40, 1262.0)	(50, 1484.0)	(60, 1807.0)	(70, 2128.0)	(80, 2447.0)	(90, 2869.0)	(100, 3462.0)	(110, 4016.0)	(120, 4623.0)	(130, 5624.0)	(140, 6294.0)	(150, 7141.0)	(160, 8048.0)	(170, 8970.0)	(180, 9756.0)	(190, 10672.0)	(200, 11068.0)	(210, 11545.0)	(220, 11657.0)	(230, 11542.0)	(240, 11389.0)	(250, 11160.0)	(260, 10615.0)	(270, 10152.0)	(280, 9632.0)	(290, 16491.0)	(300, 116070.0)
