Sample	0	1	2	3	4	5	6	7	8	9	10	11	12	13	14	15	16	17	18	19	20	21	22	23	24	25	26	27	28	29	30	31	32	33	34	35	36	37	38	39	40	41	42	43	44	45	46	47	48	49	50	51	52	53	54	55	56	57	58	59	60	61	62	63	64	65	66	67
SRR23106236_1	(1, 0.028634639050148118)	(2, 0.028634639050148118)	(3, 0.028634639050148118)	(4, 0.028634639050148118)	(5, 0.028634639050148118)	(6, 0.028634639050148118)	(7, 0.028634639050148118)	(8, 0.028634639050148118)	(9, 0.028634639050148118)	(10, 0.028634639050148118)	(15, 0.028634639050148118)	(20, 0.028634639050148118)	(25, 0.028634639050148118)	(30, 0.028634639050148118)	(35, 0.005729419957615934)	(40, 0.0)	(45, 0.0)	(50, 0.0)	(55, 0.0)	(60, 0.0)	(65, 0.0)	(70, 0.0)	(75, 0.0)	(80, 0.0)	(85, 0.0)	(90, 0.0)	(95, 0.0001388026192054244)	(100, 0.0)	(105, 0.0006280841549023016)	(110, 0.00014000905858609054)	(115, 7.025135936380369e-05)	(120, 0.00028206477053325754)	(125, 0.0008497843318181205)	(130, 0.004126125703130947)	(135, 0.0)	(140, 7.188700512985669e-05)	(145, 7.233095171619649e-05)	(150, 0.007282801373245026)	(155, 0.0023479311058315273)	(160, 7.396581004396528e-05)	(165, 0.0)	(170, 0.0)	(175, 0.00045633414611515136)	(180, 0.0003073967339097022)	(185, 7.775330276591824e-05)	(190, 0.0)	(195, 0.00047835064696925)	(200, 0.0)	(205, 0.00024590526745476573)	(210, 0.0007487022494343139)	(215, 0.0011834029427850036)	(220, 0.0)	(225, 8.739891223313835e-05)	(230, 0.0033798236977227994)	(235, 0.0007245700808710781)	(240, 0.0)	(245, 0.0)	(250, 0.0)	(255, 0.0001957872458314448)	(260, 0.00029963384743843024)	(265, 0.0)	(270, 0.0)	(275, 0.0)	(280, 0.00021738988658769618)	(285, 0.0)	(290, 0.00022694031129402497)	(295, 0.0031482805141258684)	(300, 0.0)
SRR23106236_2	(1, 0.2975957129854679)	(2, 0.028975527610268927)	(3, 0.028975527610268927)	(4, 0.028975527610268927)	(5, 0.028975527610268927)	(6, 0.028975527610268927)	(7, 0.028975527610268927)	(8, 0.028975527610268927)	(9, 0.028975527610268927)	(10, 0.028975527610268927)	(15, 0.028975527610268927)	(20, 0.028975527610268927)	(25, 0.028975527610268927)	(30, 0.028975527610268927)	(35, 0.005797635246894002)	(40, 0.0)	(45, 0.0015029550145069317)	(50, 0.0)	(55, 0.0)	(60, 0.0)	(65, 0.0)	(70, 0.0)	(75, 0.0)	(80, 0.001447946329456055)	(85, 0.0)	(90, 0.0)	(95, 6.940208025795365e-05)	(100, 0.0)	(105, 0.0)	(110, 0.0)	(115, 0.0)	(120, 0.00028206536723853067)	(125, 0.0012038509066059548)	(130, 0.0004979714776165377)	(135, 0.0005719649928826107)	(140, 0.0)	(145, 0.0)	(150, 0.0)	(155, 0.0)	(160, 0.0)	(165, 0.0)	(170, 0.0)	(175, 0.0)	(180, 0.0)	(185, 0.002176199066255158)	(190, 0.0)	(195, 0.0)	(200, 0.0)	(205, 0.0018836278344504065)	(210, 0.0)	(215, 0.0)	(220, 0.0)	(225, 0.0)	(230, 0.0)	(235, 0.0)	(240, 0.0)	(245, 0.0)	(250, 0.0)	(255, 0.0)	(260, 0.0)	(265, 0.00010110068313731595)	(270, 0.001030570853807341)	(275, 0.0013652708697405565)	(280, 0.0004281646721329023)	(285, 0.00196224424054062)	(290, 0.0006659540957841776)	(295, 0.0)	(300, 0.0)
SRR23106237_1	(1, 0.019537115091697813)	(2, 0.019537115091697813)	(3, 0.019537115091697813)	(4, 0.019537115091697813)	(5, 0.019537115091697813)	(6, 0.019537115091697813)	(7, 0.019537115091697813)	(8, 0.019537115091697813)	(9, 0.019537115091697813)	(10, 0.019537115091697813)	(15, 0.019537115091697813)	(20, 0.019537115091697813)	(25, 0.019537115091697813)	(30, 0.019537115091697813)	(35, 0.003908625032571875)	(40, 0.0)	(45, 0.0)	(50, 0.0)	(55, 0.0)	(60, 0.0)	(65, 0.0)	(70, 0.0)	(75, 0.0)	(80, 0.0)	(85, 0.0)	(90, 0.0)	(95, 0.0)	(100, 0.0)	(105, 0.0008834253936212269)	(110, 7.379191565288874e-05)	(115, 7.398282858548531e-05)	(120, 7.419492937013699e-05)	(125, 0.0009674620196737122)	(130, 0.004330885636244435)	(135, 0.0)	(140, 0.0)	(145, 0.0)	(150, 0.006609249758990289)	(155, 0.002291356697024597)	(160, 0.0)	(165, 0.0)	(170, 7.783997191533814e-05)	(175, 0.0005489980785067252)	(180, 0.0)	(185, 7.975893659005023e-05)	(190, 0.0)	(195, 0.0004065367862941814)	(200, 0.0)	(205, 0.0004153755410266422)	(210, 0.0007569067743156301)	(215, 0.0012778257199057136)	(220, 0.0)	(225, 0.0)	(230, 0.0035547150629273434)	(235, 0.0005415089145905065)	(240, 0.0)	(245, 0.0)	(250, 0.0)	(255, 9.666841958734186e-05)	(260, 9.853148672189686e-05)	(265, 0.0)	(270, 0.0)	(275, 0.0)	(280, 0.00010658799051793235)	(285, 0.0)	(290, 0.00011105459666081038)	(295, 0.00444389750321328)	(300, 0.0)
SRR23106237_2	(1, 0.28582075782298655)	(2, 0.019537115091697813)	(3, 0.019537115091697813)	(4, 0.019537115091697813)	(5, 0.019537115091697813)	(6, 0.019537115091697813)	(7, 0.019537115091697813)	(8, 0.019537115091697813)	(9, 0.019537115091697813)	(10, 0.019537115091697813)	(15, 0.019537115091697813)	(20, 0.019537115091697813)	(25, 0.019537115091697813)	(30, 0.019537115091697813)	(35, 0.003908627861712746)	(40, 0.0)	(45, 0.0020290737278432394)	(50, 0.0)	(55, 0.0)	(60, 0.0)	(65, 0.0)	(70, 0.0)	(75, 0.0)	(80, 0.0017514387339433205)	(85, 0.0)	(90, 0.0)	(95, 7.33228139536248e-05)	(100, 0.0)	(105, 0.0)	(110, 0.0)	(115, 0.0)	(120, 0.00022258264122497617)	(125, 0.0011162940229152837)	(130, 0.001120050775635162)	(135, 0.0005246286940417919)	(140, 0.0)	(145, 0.0)	(150, 0.0)	(155, 0.0)	(160, 0.0)	(165, 0.0)	(170, 0.0)	(175, 0.0)	(180, 0.0)	(185, 0.0018341205431867606)	(190, 0.0)	(195, 0.0)	(200, 0.0)	(205, 0.0019098389922693041)	(210, 0.0)	(215, 0.0)	(220, 0.0)	(225, 8.74471382049551e-05)	(230, 0.0)	(235, 0.0)	(240, 0.0)	(245, 0.0)	(250, 0.0)	(255, 0.0)	(260, 0.0)	(265, 9.968420045296502e-05)	(270, 0.002129677049687394)	(275, 0.0024775600163106032)	(280, 0.000525473924932897)	(285, 0.0020303440257661344)	(290, 0.000761459696482165)	(295, 0.0)	(300, 0.0)
SRR23106238_1	(1, 0.026619190016075225)	(2, 0.026619190016075225)	(3, 0.026619190016075225)	(4, 0.026619190016075225)	(5, 0.026619190016075225)	(6, 0.026619190016075225)	(7, 0.026619190016075225)	(8, 0.026619190016075225)	(9, 0.026619190016075225)	(10, 0.026619190016075225)	(15, 0.026619190016075225)	(20, 0.026619190016075225)	(25, 0.026619190016075225)	(30, 0.026619190016075225)	(35, 0.005326379065255061)	(40, 0.0)	(45, 0.0)	(50, 0.0)	(55, 0.0)	(60, 0.0)	(65, 0.0)	(70, 0.0)	(75, 0.0)	(80, 0.0)	(85, 0.0)	(90, 7.038090143858563e-05)	(95, 0.0)	(100, 0.0)	(105, 0.0007812960565146951)	(110, 0.00014255553607296563)	(115, 0.0001431181289880761)	(120, 0.00021561498064136833)	(125, 0.0014445408274185406)	(130, 0.005083610874279399)	(135, 0.0)	(140, 0.00029410726680234817)	(145, 0.00029615743136736627)	(150, 0.007386576873746987)	(155, 0.0028592217048034173)	(160, 0.00015181890433814928)	(165, 0.0)	(170, 0.0)	(175, 0.0004702975729509919)	(180, 0.0003174006159158952)	(185, 0.00016081229506483146)	(190, 0.0)	(195, 0.0009107875331402464)	(200, 0.000168317723267148)	(205, 0.0005992729962451266)	(210, 0.0012202658261940519)	(215, 0.0015095733590493594)	(220, 0.0)	(225, 0.0)	(230, 0.0026447679877282765)	(235, 0.000868926325667794)	(240, 0.0)	(245, 0.0)	(250, 0.0)	(255, 0.00021227861993423607)	(260, 0.0004353570907697766)	(265, 0.0)	(270, 0.0)	(275, 0.00011747416449437357)	(280, 0.00024131972933579156)	(285, 0.0)	(290, 0.0006366661106449301)	(295, 0.0031518564434451896)	(300, 0.0)
SRR23106238_2	(1, 0.29315679394327)	(2, 0.026619190016075225)	(3, 0.026619190016075225)	(4, 0.026619190016075225)	(5, 0.026619190016075225)	(6, 0.026619190016075225)	(7, 0.026619190016075225)	(8, 0.026619190016075225)	(9, 0.026619190016075225)	(10, 0.026688330769363732)	(15, 0.026619190016075225)	(20, 0.026619190016075225)	(25, 0.026619190016075225)	(30, 0.026619190016075225)	(35, 0.005326371696352542)	(40, 0.0)	(45, 0.001524586733046249)	(50, 0.0)	(55, 0.0)	(60, 0.0)	(65, 0.0)	(70, 0.0)	(75, 0.0)	(80, 0.0015412681554382945)	(85, 0.0)	(90, 0.0)	(95, 0.00021174133960275915)	(100, 0.0)	(105, 0.0)	(110, 0.0)	(115, 0.0)	(120, 0.0005750575956123106)	(125, 0.0021671477734723776)	(130, 0.001307411717023808)	(135, 0.0005845291216061691)	(140, 0.0)	(145, 0.0)	(150, 0.0)	(155, 0.0)	(160, 0.0)	(165, 0.0)	(170, 0.0)	(175, 0.0)	(180, 0.0)	(185, 0.002010396160625828)	(190, 0.0)	(195, 0.0)	(200, 0.0)	(205, 0.002054629165118561)	(210, 0.0)	(215, 0.0)	(220, 0.0)	(225, 0.0)	(230, 0.0)	(235, 0.0)	(240, 0.0)	(245, 0.0)	(250, 0.0)	(255, 0.0)	(260, 0.0)	(265, 0.00011148694599349363)	(270, 0.0013718142472055)	(275, 0.0021098777443062603)	(280, 0.0004813321348163177)	(285, 0.0022234794488735603)	(290, 0.0011412036655461737)	(295, 0.0)	(300, 0.0)
SRR23106336_1	(1, 0.03082785798385809)	(2, 0.03082785798385809)	(3, 0.03082785798385809)	(4, 0.03082785798385809)	(5, 0.03082785798385809)	(6, 0.03082785798385809)	(7, 0.03082785798385809)	(8, 0.03082785798385809)	(9, 0.03082785798385809)	(10, 0.03082785798385809)	(15, 0.03082785798385809)	(20, 0.03082785798385809)	(25, 0.03082785798385809)	(30, 0.03082785798385809)	(35, 0.006168430862666204)	(40, 0.0)	(45, 0.0)	(50, 0.0)	(55, 0.0)	(60, 0.0)	(65, 0.0)	(70, 0.0)	(75, 0.0)	(80, 0.0)	(85, 0.0)	(90, 0.0)	(95, 0.0)	(100, 7.610419577652156e-05)	(105, 0.000381983809998197)	(110, 7.671647355851663e-05)	(115, 7.707657789243347e-05)	(120, 7.747253598599295e-05)	(125, 0.0008569193903719654)	(130, 0.0037632006021120963)	(135, 0.0)	(140, 0.00015915824387976868)	(145, 0.0001605160913368663)	(150, 0.00680355307459853)	(155, 0.0023728480722654973)	(160, 8.271517525691333e-05)	(165, 0.0)	(170, 0.0)	(175, 0.0003431953373481468)	(180, 0.00017395887786086247)	(185, 8.824762282966004e-05)	(190, 0.0)	(195, 0.0005463132505547356)	(200, 9.258719167307833e-05)	(205, 0.00037671416718386387)	(210, 0.0011506652283351313)	(215, 0.0014642074489113618)	(220, 0.0)	(225, 0.0)	(230, 0.003000402467779299)	(235, 0.0006333483225769677)	(240, 0.0)	(245, 0.0)	(250, 0.0)	(255, 0.00011480304962821032)	(260, 0.00035191978105897354)	(265, 0.0)	(270, 0.0)	(275, 0.0)	(280, 0.00025616722596511003)	(285, 0.0)	(290, 0.0006686512234980088)	(295, 0.003565756667279245)	(300, 0.0)
SRR23106336_2	(1, 0.30270728020294385)	(2, 0.03157069793527636)	(3, 0.03157069793527636)	(4, 0.03157069793527636)	(5, 0.03157069793527636)	(6, 0.03157069793527636)	(7, 0.03157069793527636)	(8, 0.03157069793527636)	(9, 0.03157069793527636)	(10, 0.03164498193041818)	(15, 0.03157069793527636)	(20, 0.03157069793527636)	(25, 0.03157069793527636)	(30, 0.03157069793527636)	(35, 0.006317119393556538)	(40, 0.0)	(45, 0.0008934354827901989)	(50, 0.0)	(55, 0.0)	(60, 0.0)	(65, 0.0)	(70, 0.0)	(75, 0.0)	(80, 0.001429744248853759)	(85, 0.0)	(90, 0.0)	(95, 7.584623541002854e-05)	(100, 7.610048917394441e-05)	(105, 0.0)	(110, 0.0)	(115, 0.0)	(120, 0.0005422712022230021)	(125, 0.0015579041826611494)	(130, 0.0007839085523639154)	(135, 0.0007106074746431566)	(140, 0.0)	(145, 0.0)	(150, 0.0)	(155, 0.0)	(160, 0.0)	(165, 8.361043224085156e-05)	(170, 0.0)	(175, 0.0)	(180, 0.0)	(185, 0.0018507453215802193)	(190, 0.0)	(195, 9.087786197106812e-05)	(200, 0.0)	(205, 0.0014088793210328776)	(210, 0.00019115999709436805)	(215, 0.0)	(220, 0.00019806333669380796)	(225, 0.0)	(230, 0.0)	(235, 0.0)	(240, 0.0)	(245, 0.0)	(250, 0.0)	(255, 0.0)	(260, 0.0)	(265, 0.0001171816409179541)	(270, 0.001430804505603388)	(275, 0.0027892176123327076)	(280, 0.0006162166026006806)	(285, 0.0020008228383922885)	(290, 0.0012696816527192137)	(295, 0.0)	(300, 0.0)
SRR23106353_1	(1, 0.05440261132534361)	(2, 0.05440261132534361)	(3, 0.05440261132534361)	(4, 0.05440261132534361)	(5, 0.05440261132534361)	(6, 0.05440261132534361)	(7, 0.05440261132534361)	(8, 0.05440261132534361)	(9, 0.05440261132534361)	(10, 0.05440261132534361)	(15, 0.05440261132534361)	(20, 0.05440261132534361)	(25, 0.05440261132534361)	(30, 0.05440261132534361)	(35, 0.010889820004086885)	(40, 0.0)	(45, 0.0)	(50, 0.0)	(55, 0.0)	(60, 0.0)	(65, 0.0)	(70, 0.0)	(75, 0.0)	(80, 0.0)	(85, 0.0)	(90, 6.616570406594868e-05)	(95, 6.647402494238364e-05)	(100, 6.681584417476085e-05)	(105, 0.0008735050465074244)	(110, 0.0)	(115, 0.0)	(120, 0.00013717929196280248)	(125, 0.0012443253578990811)	(130, 0.00522992858009531)	(135, 0.0)	(140, 0.0)	(145, 0.0)	(150, 0.008666722988227822)	(155, 0.0034674447514321653)	(160, 0.0)	(165, 0.0)	(170, 0.0)	(175, 0.000628485146539168)	(180, 8.002522395058923e-05)	(185, 0.0)	(190, 0.0)	(195, 0.0009375106535301537)	(200, 0.0)	(205, 0.0008049311873271634)	(210, 0.00146802728328706)	(215, 0.0017908225059262088)	(220, 0.0)	(225, 9.97307270370001e-05)	(230, 0.003904748791069223)	(235, 0.0014828654892714683)	(240, 0.0)	(245, 0.0)	(250, 0.0)	(255, 0.0003615777808043177)	(260, 0.0008727363401178195)	(265, 0.0)	(270, 0.0)	(275, 0.00013832368295105276)	(280, 0.000429981768773004)	(285, 0.0)	(290, 0.0006163385177674986)	(295, 0.004007251522354854)	(300, 0.0)
SRR23106353_2	(1, 0.3305758676416468)	(2, 0.05376258060386898)	(3, 0.05376258060386898)	(4, 0.05376258060386898)	(5, 0.05376258060386898)	(6, 0.05376258060386898)	(7, 0.05376258060386898)	(8, 0.05376258060386898)	(9, 0.05376258060386898)	(10, 0.05376258060386898)	(15, 0.05376258060386898)	(20, 0.05376258060386898)	(25, 0.05376258060386898)	(30, 0.05376258060386898)	(35, 0.010761670006200772)	(40, 0.0)	(45, 0.0015432565155968578)	(50, 0.0)	(55, 0.0)	(60, 0.0)	(65, 0.0)	(70, 0.0)	(75, 0.0)	(80, 0.0017717023697503473)	(85, 0.0)	(90, 0.0)	(95, 6.648007924425447e-05)	(100, 0.0)	(105, 0.0)	(110, 0.0)	(115, 0.0)	(120, 0.0004801897709974982)	(125, 0.0017976148416612452)	(130, 0.0007671631839782851)	(135, 0.0011269359527081328)	(140, 0.0)	(145, 0.0)	(150, 0.0)	(155, 0.0)	(160, 0.0)	(165, 7.599015167634275e-05)	(170, 0.0)	(175, 0.0)	(180, 0.0)	(185, 0.002122397002522387)	(190, 0.0)	(195, 8.523942903220857e-05)	(200, 0.0)	(205, 0.001967549738763055)	(210, 9.174463431506209e-05)	(215, 0.0)	(220, 0.0)	(225, 9.969811411047348e-05)	(230, 0.0)	(235, 0.00010585852854528152)	(240, 0.0)	(245, 0.0)	(250, 0.0)	(255, 0.0)	(260, 0.0)	(265, 0.0001286420162835064)	(270, 0.0014640099765625312)	(275, 0.0024798546254110702)	(280, 0.0011410168456874555)	(285, 0.0017727536625829314)	(290, 0.0010711045076668131)	(295, 0.0)	(300, 0.0)
