Sample	0	1	2	3	4	5	6	7	8	9	10	11	12	13	14	15	16	17	18	19	20	21	22	23	24	25	26	27	28	29	30	31	32	33	34	35	36	37	38	39	40	41	42	43	44	45	46	47	48	49	50	51	52	53	54	55	56	57	58	59	60	61	62	63	64	65	66	67	68	69	70	71	72	73	74	75	76	77	78	79	80	81	82	83	84	85	86	87	88	89	90	91	92	93	94	95	96	97	98	99	100
SRR23106236_1	(0.0, 84.0)	(1.0, 42.0)	(2.0, 0.0)	(3.0, 0.0)	(4.0, 0.0)	(5.0, 0.0)	(6.0, 0.0)	(7.0, 0.0)	(8.0, 0.0)	(9.0, 0.0)	(10.0, 0.0)	(11.0, 0.0)	(12.0, 0.0)	(13.0, 0.0)	(14.0, 0.0)	(15.0, 0.0)	(16.0, 0.0)	(17.0, 0.0)	(18.0, 0.0)	(19.0, 0.0)	(20.0, 1.5)	(21.0, 3.0)	(22.0, 4.0)	(23.0, 4.833333333333334)	(24.0, 6.333333333333334)	(25.0, 17.0)	(26.0, 27.83333333333333)	(27.0, 33.49999999999999)	(28.0, 52.666666666666686)	(29.0, 93.74999999999991)	(30.0, 123.83333333333321)	(31.0, 154.2499999999999)	(32.0, 215.75000000000063)	(33.0, 264.08333333333394)	(34.0, 306.08333333333337)	(35.0, 392.416666666665)	(36.0, 466.91666666666436)	(37.0, 534.9999999999977)	(38.0, 611.8333333333328)	(39.0, 724.7500000000033)	(40.0, 815.9166666666749)	(41.0, 894.0833333333445)	(42.0, 1045.5833333333464)	(43.0, 1203.500000000002)	(44.0, 1375.7499999999893)	(45.0, 1566.3333333333094)	(46.0, 1880.4999999999532)	(47.0, 2311.666666666644)	(48.0, 2667.3333333333676)	(49.0, 3144.750000000104)	(50.0, 3677.2500000001814)	(51.0, 4285.66666666687)	(52.0, 4927.666666666646)	(53.0, 5576.916666666469)	(54.0, 6359.166666666225)	(55.0, 7084.7499999993415)	(56.0, 7784.166666665838)	(57.0, 8408.583333332508)	(58.0, 8723.91666666605)	(59.0, 8978.91666666623)	(60.0, 9141.166666666279)	(61.0, 8778.249999999423)	(62.0, 7970.999999999148)	(63.0, 7002.08333333273)	(64.0, 6191.499999999623)	(65.0, 5170.583333333253)	(66.0, 4050.083333333547)	(67.0, 3097.4166666667547)	(68.0, 2279.166666666643)	(69.0, 1574.9999999999773)	(70.0, 1090.2500000000075)	(71.0, 718.0833333333352)	(72.0, 443.3333333333319)	(73.0, 268.2500000000002)	(74.0, 156.50000000000009)	(75.0, 91.41666666666663)	(76.0, 55.083333333333336)	(77.0, 26.5)	(78.0, 12.333333333333334)	(79.0, 9.5)	(80.0, 8.5)	(81.0, 3.0)	(82.0, 0.25)	(83.0, 0.25)	(84.0, 0.25)	(85.0, 0.0)	(86.0, 0.0)	(87.0, 0.0)	(88.0, 0.0)	(89.0, 0.0)	(90.0, 0.0)	(91.0, 0.0)	(92.0, 0.0)	(93.0, 0.0)	(94.0, 0.0)	(95.0, 0.0)	(96.0, 0.0)	(97.0, 0.0)	(98.0, 0.0)	(99.0, 0.0)	(100.0, 0.0)
SRR23106236_2	(0.0, 85.0)	(1.0, 42.5)	(2.0, 0.0)	(3.0, 0.0)	(4.0, 0.0)	(5.0, 0.0)	(6.0, 0.0)	(7.0, 0.0)	(8.0, 0.0)	(9.0, 0.0)	(10.0, 0.0)	(11.0, 0.0)	(12.0, 0.0)	(13.0, 0.0)	(14.0, 0.0)	(15.0, 0.0)	(16.0, 0.0)	(17.0, 0.25)	(18.0, 0.3333333333333333)	(19.0, 0.0)	(20.0, 1.0)	(21.0, 2.25)	(22.0, 3.5)	(23.0, 5.25)	(24.0, 7.25)	(25.0, 13.25)	(26.0, 22.749999999999996)	(27.0, 31.16666666666666)	(28.0, 49.00000000000001)	(29.0, 93.74999999999997)	(30.0, 144.91666666666666)	(31.0, 175.83333333333354)	(32.0, 206.41666666666708)	(33.0, 257.3333333333342)	(34.0, 294.75000000000006)	(35.0, 362.24999999999886)	(36.0, 456.58333333333076)	(37.0, 537.2499999999976)	(38.0, 618.2500000000005)	(39.0, 714.083333333336)	(40.0, 795.0000000000073)	(41.0, 879.5833333333419)	(42.0, 1058.0833333333442)	(43.0, 1200.1666666666688)	(44.0, 1377.8333333333228)	(45.0, 1588.0833333333046)	(46.0, 1876.416666666622)	(47.0, 2247.8333333333053)	(48.0, 2590.666666666687)	(49.0, 3060.1666666667493)	(50.0, 3609.9166666668257)	(51.0, 4190.916666666865)	(52.0, 4839.250000000031)	(53.0, 5527.083333333156)	(54.0, 6152.166666666324)	(55.0, 6869.333333332793)	(56.0, 7637.74999999927)	(57.0, 8126.333333332473)	(58.0, 8595.916666666033)	(59.0, 8769.499999999462)	(60.0, 8825.166666666166)	(61.0, 8606.999999999409)	(62.0, 7993.166666665917)	(63.0, 7131.416666666113)	(64.0, 6192.999999999686)	(65.0, 5132.749999999955)	(66.0, 4084.6666666668457)	(67.0, 3137.666666666738)	(68.0, 2348.2499999999877)	(69.0, 1696.7499999999804)	(70.0, 1194.666666666666)	(71.0, 822.666666666671)	(72.0, 482.7499999999981)	(73.0, 312.7499999999999)	(74.0, 211.0833333333334)	(75.0, 125.0833333333333)	(76.0, 72.91666666666667)	(77.0, 38.916666666666664)	(78.0, 21.5)	(79.0, 13.583333333333334)	(80.0, 11.583333333333334)	(81.0, 5.0)	(82.0, 1.25)	(83.0, 0.5)	(84.0, 0.75)	(85.0, 0.0)	(86.0, 1.3333333333333333)	(87.0, 0.75)	(88.0, 0.0)	(89.0, 0.0)	(90.0, 0.75)	(91.0, 1.5)	(92.0, 0.5)	(93.0, 0.0)	(94.0, 0.75)	(95.0, 0.0)	(96.0, 0.25)	(97.0, 0.75)	(98.0, 1.0)	(99.0, 0.5)	(100.0, 0.6666666666666666)
SRR23106237_1	(0.0, 54.0)	(1.0, 27.0)	(2.0, 0.0)	(3.0, 0.0)	(4.0, 0.0)	(5.0, 0.0)	(6.0, 0.0)	(7.0, 0.0)	(8.0, 0.0)	(9.0, 0.0)	(10.0, 0.0)	(11.0, 0.0)	(12.0, 0.0)	(13.0, 0.0)	(14.0, 0.0)	(15.0, 0.0)	(16.0, 0.0)	(17.0, 0.0)	(18.0, 0.0)	(19.0, 0.0)	(20.0, 0.5)	(21.0, 0.75)	(22.0, 0.75)	(23.0, 2.0)	(24.0, 5.0)	(25.0, 10.083333333333334)	(26.0, 14.66666666666667)	(27.0, 17.16666666666667)	(28.0, 24.749999999999996)	(29.0, 44.916666666666686)	(30.0, 74.08333333333334)	(31.0, 106.24999999999987)	(32.0, 133.99999999999986)	(33.0, 169.91666666666683)	(34.0, 233.16666666666737)	(35.0, 297.4166666666669)	(36.0, 350.16666666666583)	(37.0, 435.1666666666642)	(38.0, 521.7499999999968)	(39.0, 592.7499999999987)	(40.0, 680.9166666666696)	(41.0, 826.9166666666762)	(42.0, 954.6666666666799)	(43.0, 1127.5000000000082)	(44.0, 1322.833333333327)	(45.0, 1524.6666666666429)	(46.0, 1821.999999999952)	(47.0, 2179.6666666666247)	(48.0, 2515.416666666674)	(49.0, 2857.1666666667306)	(50.0, 3312.1666666667984)	(51.0, 3858.0000000002165)	(52.0, 4435.416666666803)	(53.0, 5069.499999999961)	(54.0, 5703.91666666642)	(55.0, 6283.999999999583)	(56.0, 6926.66666666608)	(57.0, 7397.999999999262)	(58.0, 7698.833333332533)	(59.0, 7893.499999999137)	(60.0, 8006.9166666658175)	(61.0, 7781.24999999919)	(62.0, 7219.999999999349)	(63.0, 6395.749999999584)	(64.0, 5513.916666666492)	(65.0, 4509.000000000112)	(66.0, 3508.166666666803)	(67.0, 2700.8333333333703)	(68.0, 2000.249999999949)	(69.0, 1388.499999999989)	(70.0, 945.5833333333441)	(71.0, 592.583333333333)	(72.0, 340.4999999999993)	(73.0, 198.25000000000014)	(74.0, 138.66666666666657)	(75.0, 84.08333333333333)	(76.0, 46.166666666666664)	(77.0, 22.749999999999996)	(78.0, 17.500000000000004)	(79.0, 10.5)	(80.0, 3.5)	(81.0, 1.5)	(82.0, 0.0)	(83.0, 0.5)	(84.0, 0.5)	(85.0, 0.0)	(86.0, 0.25)	(87.0, 0.0)	(88.0, 0.0)	(89.0, 0.0)	(90.0, 0.25)	(91.0, 0.25)	(92.0, 0.0)	(93.0, 0.0)	(94.0, 0.0)	(95.0, 0.0)	(96.0, 0.0)	(97.0, 0.0)	(98.0, 0.0)	(99.0, 0.0)	(100.0, 0.0)
SRR23106237_2	(0.0, 54.0)	(1.0, 27.0)	(2.0, 0.0)	(3.0, 0.0)	(4.0, 0.0)	(5.0, 0.0)	(6.0, 0.0)	(7.0, 0.0)	(8.0, 0.0)	(9.0, 0.0)	(10.0, 0.0)	(11.0, 0.0)	(12.0, 0.25)	(13.0, 0.25)	(14.0, 0.0)	(15.0, 0.25)	(16.0, 0.25)	(17.0, 0.25)	(18.0, 0.0)	(19.0, 0.0)	(20.0, 1.0833333333333333)	(21.0, 1.0833333333333333)	(22.0, 0.75)	(23.0, 3.0833333333333335)	(24.0, 5.0)	(25.0, 8.5)	(26.0, 11.75)	(27.0, 16.916666666666664)	(28.0, 29.166666666666664)	(29.0, 43.75000000000001)	(30.0, 63.75000000000005)	(31.0, 98.1666666666666)	(32.0, 149.16666666666663)	(33.0, 186.58333333333366)	(34.0, 229.58333333333388)	(35.0, 291.16666666666714)	(36.0, 330.9166666666662)	(37.0, 404.24999999999795)	(38.0, 479.49999999999665)	(39.0, 589.0833333333325)	(40.0, 703.5833333333366)	(41.0, 830.0000000000083)	(42.0, 929.333333333345)	(43.0, 1126.0000000000084)	(44.0, 1325.249999999992)	(45.0, 1543.8333333333103)	(46.0, 1784.4166666666238)	(47.0, 2120.083333333285)	(48.0, 2449.000000000001)	(49.0, 2816.5833333333912)	(50.0, 3274.916666666784)	(51.0, 3840.1666666668607)	(52.0, 4393.500000000139)	(53.0, 4949.999999999986)	(54.0, 5488.833333333172)	(55.0, 5992.749999999695)	(56.0, 6663.083333332848)	(57.0, 7192.666666666049)	(58.0, 7462.833333332689)	(59.0, 7683.16666666596)	(60.0, 7794.083333332598)	(61.0, 7624.583333332651)	(62.0, 7080.249999999468)	(63.0, 6361.166666666307)	(64.0, 5444.249999999857)	(65.0, 4496.333333333425)	(66.0, 3621.66666666679)	(67.0, 2846.3333333333785)	(68.0, 2142.999999999971)	(69.0, 1525.2499999999864)	(70.0, 1013.7500000000086)	(71.0, 666.7500000000016)	(72.0, 420.66666666666555)	(73.0, 274.4166666666669)	(74.0, 177.33333333333343)	(75.0, 96.91666666666663)	(76.0, 51.83333333333334)	(77.0, 27.166666666666664)	(78.0, 18.916666666666668)	(79.0, 11.5)	(80.0, 6.25)	(81.0, 3.833333333333333)	(82.0, 1.25)	(83.0, 1.25)	(84.0, 1.5)	(85.0, 1.25)	(86.0, 0.5)	(87.0, 0.5)	(88.0, 1.5)	(89.0, 1.75)	(90.0, 1.0)	(91.0, 0.5)	(92.0, 0.5)	(93.0, 0.5)	(94.0, 1.0)	(95.0, 1.25)	(96.0, 0.5)	(97.0, 0.75)	(98.0, 1.0)	(99.0, 0.5)	(100.0, 1.3333333333333333)
SRR23106238_1	(0.0, 77.0)	(1.0, 38.5)	(2.0, 0.0)	(3.0, 0.0)	(4.0, 0.0)	(5.0, 0.0)	(6.0, 0.0)	(7.0, 0.0)	(8.0, 0.0)	(9.0, 0.0)	(10.0, 0.0)	(11.0, 0.0)	(12.0, 0.0)	(13.0, 0.5)	(14.0, 0.5)	(15.0, 0.5)	(16.0, 1.5833333333333333)	(17.0, 5.499999999999999)	(18.0, 9.25)	(19.0, 16.75)	(20.0, 22.999999999999996)	(21.0, 31.916666666666664)	(22.0, 44.00000000000001)	(23.0, 53.666666666666686)	(24.0, 73.00000000000001)	(25.0, 121.4999999999999)	(26.0, 201.83333333333348)	(27.0, 294.5833333333335)	(28.0, 428.08333333333206)	(29.0, 596.7499999999999)	(30.0, 868.5000000000073)	(31.0, 1274.2499999999975)	(32.0, 1870.1666666666224)	(33.0, 2667.4166666666993)	(34.0, 3629.8333333335263)	(35.0, 4950.749999999985)	(36.0, 6619.166666666125)	(37.0, 8361.416666665731)	(38.0, 10072.583333333521)	(39.0, 11744.250000001279)	(40.0, 12973.583333335337)	(41.0, 13494.083333335637)	(42.0, 13164.833333335444)	(43.0, 12250.41666666816)	(44.0, 10574.83333333377)	(45.0, 8585.749999999267)	(46.0, 6658.16666666617)	(47.0, 4887.833333333337)	(48.0, 3390.4166666667847)	(49.0, 2299.5833333333153)	(50.0, 1682.9166666666415)	(51.0, 1310.749999999996)	(52.0, 1057.7500000000082)	(53.0, 796.4166666666706)	(54.0, 566.1666666666655)	(55.0, 373.2499999999991)	(56.0, 239.5833333333338)	(57.0, 144.99999999999994)	(58.0, 101.08333333333323)	(59.0, 76.83333333333331)	(60.0, 73.83333333333333)	(61.0, 67.83333333333337)	(62.0, 58.33333333333338)	(63.0, 55.25000000000002)	(64.0, 53.333333333333364)	(65.0, 37.91666666666667)	(66.0, 28.58333333333332)	(67.0, 28.749999999999993)	(68.0, 25.416666666666654)	(69.0, 28.583333333333318)	(70.0, 24.499999999999996)	(71.0, 18.416666666666668)	(72.0, 15.333333333333336)	(73.0, 7.166666666666666)	(74.0, 4.416666666666667)	(75.0, 1.0)	(76.0, 1.5)	(77.0, 1.5)	(78.0, 0.5)	(79.0, 0.0)	(80.0, 0.0)	(81.0, 0.5)	(82.0, 0.5)	(83.0, 0.0)	(84.0, 0.0)	(85.0, 0.0)	(86.0, 0.0)	(87.0, 0.0)	(88.0, 0.0)	(89.0, 0.0)	(90.0, 0.0)	(91.0, 0.0)	(92.0, 0.0)	(93.0, 0.0)	(94.0, 0.0)	(95.0, 0.0)	(96.0, 0.0)	(97.0, 0.0)	(98.0, 0.0)	(99.0, 0.0)	(100.0, 0.0)
SRR23106238_2	(0.0, 77.0)	(1.0, 38.5)	(2.0, 0.0)	(3.0, 0.0)	(4.0, 0.0)	(5.0, 0.0)	(6.0, 0.25)	(7.0, 0.0)	(8.0, 0.25)	(9.0, 0.5)	(10.0, 0.25)	(11.0, 0.5)	(12.0, 0.75)	(13.0, 0.25)	(14.0, 0.25)	(15.0, 2.1666666666666665)	(16.0, 3.4166666666666665)	(17.0, 3.5)	(18.0, 9.166666666666668)	(19.0, 13.0)	(20.0, 15.833333333333336)	(21.0, 23.916666666666664)	(22.0, 43.08333333333334)	(23.0, 60.1666666666667)	(24.0, 85.66666666666664)	(25.0, 124.58333333333324)	(26.0, 189.83333333333348)	(27.0, 272.8333333333335)	(28.0, 397.99999999999915)	(29.0, 589.6666666666665)	(30.0, 867.1666666666728)	(31.0, 1259.8333333333328)	(32.0, 1816.4999999999623)	(33.0, 2663.8333333333644)	(34.0, 3677.3333333335218)	(35.0, 4951.666666666648)	(36.0, 6524.583333332827)	(37.0, 8279.416666665671)	(38.0, 10097.833333333514)	(39.0, 11657.583333334567)	(40.0, 12872.833333335286)	(41.0, 13512.416666668907)	(42.0, 13186.666666668712)	(43.0, 12221.5833333348)	(44.0, 10571.750000000504)	(45.0, 8624.666666665988)	(46.0, 6649.583333332872)	(47.0, 4894.7499999999945)	(48.0, 3427.2500000001205)	(49.0, 2318.999999999986)	(50.0, 1692.4166666666424)	(51.0, 1276.83333333333)	(52.0, 1015.3333333333442)	(53.0, 760.0833333333368)	(54.0, 585.166666666666)	(55.0, 381.33333333333275)	(56.0, 248.58333333333385)	(57.0, 160.16666666666663)	(58.0, 106.33333333333326)	(59.0, 88.58333333333331)	(60.0, 75.66666666666667)	(61.0, 66.66666666666671)	(62.0, 60.16666666666671)	(63.0, 59.00000000000005)	(64.0, 49.58333333333336)	(65.0, 41.166666666666664)	(66.0, 33.66666666666666)	(67.0, 33.33333333333333)	(68.0, 29.499999999999993)	(69.0, 23.58333333333333)	(70.0, 22.833333333333325)	(71.0, 17.166666666666664)	(72.0, 14.833333333333336)	(73.0, 11.083333333333332)	(74.0, 5.25)	(75.0, 3.0833333333333335)	(76.0, 2.583333333333333)	(77.0, 3.25)	(78.0, 1.75)	(79.0, 0.5)	(80.0, 0.0)	(81.0, 0.0)	(82.0, 0.0)	(83.0, 0.25)	(84.0, 0.75)	(85.0, 0.25)	(86.0, 0.25)	(87.0, 0.0)	(88.0, 0.0)	(89.0, 0.0)	(90.0, 0.25)	(91.0, 0.0)	(92.0, 0.0)	(93.0, 0.0)	(94.0, 0.25)	(95.0, 0.5)	(96.0, 0.25)	(97.0, 0.0)	(98.0, 0.25)	(99.0, 0.25)	(100.0, 0.3333333333333333)
SRR23106336_1	(0.0, 83.0)	(1.0, 41.5)	(2.0, 0.0)	(3.0, 0.0)	(4.0, 0.0)	(5.0, 0.0)	(6.0, 0.0)	(7.0, 0.0)	(8.0, 0.0)	(9.0, 0.0)	(10.0, 0.0)	(11.0, 0.0)	(12.0, 0.0)	(13.0, 0.0)	(14.0, 0.0)	(15.0, 0.0)	(16.0, 0.0)	(17.0, 0.0)	(18.0, 0.0)	(19.0, 0.0)	(20.0, 0.0)	(21.0, 0.0)	(22.0, 0.0)	(23.0, 0.0)	(24.0, 0.3333333333333333)	(25.0, 1.8333333333333333)	(26.0, 2.1666666666666665)	(27.0, 1.8333333333333333)	(28.0, 2.0)	(29.0, 2.5)	(30.0, 4.5)	(31.0, 5.583333333333333)	(32.0, 8.5)	(33.0, 10.166666666666668)	(34.0, 17.75)	(35.0, 21.749999999999996)	(36.0, 26.499999999999996)	(37.0, 46.08333333333334)	(38.0, 59.66666666666669)	(39.0, 70.33333333333334)	(40.0, 89.91666666666657)	(41.0, 119.41666666666652)	(42.0, 165.16666666666674)	(43.0, 204.41666666666708)	(44.0, 237.00000000000054)	(45.0, 277.5833333333336)	(46.0, 343.24999999999903)	(47.0, 413.8333333333318)	(48.0, 465.6666666666642)	(49.0, 527.9999999999972)	(50.0, 629.5833333333343)	(51.0, 775.6666666666715)	(52.0, 944.0833333333435)	(53.0, 1114.166666666674)	(54.0, 1308.666666666662)	(55.0, 1661.9999999999734)	(56.0, 2049.083333333277)	(57.0, 2443.249999999999)	(58.0, 2948.2500000000614)	(59.0, 3540.833333333471)	(60.0, 4272.416666666834)	(61.0, 5146.083333333256)	(62.0, 6227.166666666293)	(63.0, 7449.083333332614)	(64.0, 8756.7499999994)	(65.0, 9882.500000000106)	(66.0, 10762.75000000058)	(67.0, 11248.000000000742)	(68.0, 11136.83333333407)	(69.0, 10375.416666666968)	(70.0, 9167.499999999643)	(71.0, 7612.583333332618)	(72.0, 5913.166666666415)	(73.0, 4246.0833333334895)	(74.0, 2956.3333333333926)	(75.0, 1950.4166666666274)	(76.0, 1227.9166666666663)	(77.0, 702.000000000002)	(78.0, 401.3333333333325)	(79.0, 238.58333333333348)	(80.0, 134.74999999999997)	(81.0, 72.33333333333333)	(82.0, 39.00000000000001)	(83.0, 17.25)	(84.0, 8.0)	(85.0, 1.5)	(86.0, 0.5)	(87.0, 0.5)	(88.0, 0.75)	(89.0, 0.0)	(90.0, 0.5)	(91.0, 0.5)	(92.0, 0.0)	(93.0, 0.0)	(94.0, 0.0)	(95.0, 0.0)	(96.0, 0.0)	(97.0, 0.0)	(98.0, 0.0)	(99.0, 0.0)	(100.0, 0.0)
SRR23106336_2	(0.0, 85.0)	(1.0, 42.5)	(2.0, 0.0)	(3.0, 0.0)	(4.0, 0.0)	(5.0, 0.0)	(6.0, 0.0)	(7.0, 0.0)	(8.0, 0.0)	(9.0, 0.0)	(10.0, 0.25)	(11.0, 0.25)	(12.0, 0.0)	(13.0, 0.0)	(14.0, 0.0)	(15.0, 0.0)	(16.0, 0.0)	(17.0, 0.25)	(18.0, 0.5)	(19.0, 0.5)	(20.0, 0.0)	(21.0, 0.0)	(22.0, 0.0)	(23.0, 0.0)	(24.0, 0.0)	(25.0, 0.3333333333333333)	(26.0, 1.25)	(27.0, 1.0)	(28.0, 1.3333333333333333)	(29.0, 3.0833333333333335)	(30.0, 4.75)	(31.0, 6.583333333333334)	(32.0, 8.0)	(33.0, 11.666666666666666)	(34.0, 12.000000000000004)	(35.0, 20.58333333333333)	(36.0, 30.24999999999999)	(37.0, 45.58333333333335)	(38.0, 57.4166666666667)	(39.0, 72.91666666666669)	(40.0, 92.83333333333327)	(41.0, 121.41666666666646)	(42.0, 154.0)	(43.0, 191.41666666666697)	(44.0, 233.75000000000065)	(45.0, 287.41666666666663)	(46.0, 346.9166666666658)	(47.0, 387.9166666666654)	(48.0, 465.4166666666644)	(49.0, 549.7499999999978)	(50.0, 630.916666666668)	(51.0, 768.4166666666716)	(52.0, 914.0000000000089)	(53.0, 1105.0000000000082)	(54.0, 1353.2499999999934)	(55.0, 1634.2499999999775)	(56.0, 1966.9999999999543)	(57.0, 2392.4999999999936)	(58.0, 2895.3333333333835)	(59.0, 3437.916666666778)	(60.0, 4142.0000000001755)	(61.0, 4978.499999999983)	(62.0, 5958.166666666387)	(63.0, 7097.333333332784)	(64.0, 8304.583333332606)	(65.0, 9376.083333333208)	(66.0, 10276.083333333569)	(67.0, 10754.833333333772)	(68.0, 10663.250000000422)	(69.0, 9993.833333333425)	(70.0, 8983.749999999643)	(71.0, 7577.166666666156)	(72.0, 6007.749999999803)	(73.0, 4545.333333333403)	(74.0, 3303.5833333333935)	(75.0, 2190.333333333314)	(76.0, 1423.1666666666597)	(77.0, 874.7500000000028)	(78.0, 524.6666666666663)	(79.0, 309.5833333333332)	(80.0, 178.9166666666667)	(81.0, 109.58333333333333)	(82.0, 54.33333333333333)	(83.0, 29.75)	(84.0, 14.833333333333334)	(85.0, 9.083333333333334)	(86.0, 5.0)	(87.0, 4.25)	(88.0, 2.75)	(89.0, 2.75)	(90.0, 1.25)	(91.0, 0.75)	(92.0, 1.25)	(93.0, 1.5)	(94.0, 0.25)	(95.0, 0.0)	(96.0, 0.5)	(97.0, 0.0)	(98.0, 0.25)	(99.0, 0.75)	(100.0, 0.6666666666666666)
SRR23106353_1	(0.0, 170.0)	(1.0, 85.0)	(2.0, 0.0)	(3.0, 0.0)	(4.0, 0.0)	(5.0, 0.0)	(6.0, 0.0)	(7.0, 0.0)	(8.0, 0.0)	(9.0, 0.0)	(10.0, 0.0)	(11.0, 0.0)	(12.0, 0.5)	(13.0, 2.0)	(14.0, 5.333333333333333)	(15.0, 7.333333333333333)	(16.0, 7.833333333333334)	(17.0, 12.75)	(18.0, 22.916666666666668)	(19.0, 34.24999999999999)	(20.0, 53.83333333333335)	(21.0, 84.33333333333333)	(22.0, 120.41666666666661)	(23.0, 158.58333333333337)	(24.0, 223.33333333333348)	(25.0, 343.7499999999997)	(26.0, 501.66666666666566)	(27.0, 645.5833333333339)	(28.0, 920.5833333333371)	(29.0, 1329.2499999999973)	(30.0, 1853.4166666666451)	(31.0, 2451.500000000002)	(32.0, 3243.916666666764)	(33.0, 4399.000000000135)	(34.0, 5672.74999999979)	(35.0, 7115.916666665994)	(36.0, 8943.833333332783)	(37.0, 10710.166666667265)	(38.0, 12057.58333333481)	(39.0, 13058.583333335444)	(40.0, 14195.333333336115)	(41.0, 14758.166666669753)	(42.0, 14300.166666669476)	(43.0, 13293.666666668783)	(44.0, 11607.083333334369)	(45.0, 9471.916666666495)	(46.0, 7589.6666666659185)	(47.0, 5978.333333333058)	(48.0, 4630.416666666737)	(49.0, 3582.7500000001337)	(50.0, 2647.7500000000227)	(51.0, 1988.5833333332928)	(52.0, 1597.3333333333173)	(53.0, 1180.1666666666692)	(54.0, 780.5000000000057)	(55.0, 483.4166666666647)	(56.0, 342.9999999999999)	(57.0, 226.66666666666703)	(58.0, 187.33333333333346)	(59.0, 144.3333333333333)	(60.0, 98.83333333333327)	(61.0, 84.33333333333333)	(62.0, 55.16666666666671)	(63.0, 34.66666666666666)	(64.0, 30.99999999999999)	(65.0, 22.499999999999993)	(66.0, 14.000000000000004)	(67.0, 13.749999999999998)	(68.0, 11.583333333333332)	(69.0, 10.083333333333334)	(70.0, 9.25)	(71.0, 8.5)	(72.0, 5.083333333333333)	(73.0, 5.166666666666666)	(74.0, 3.5833333333333335)	(75.0, 1.75)	(76.0, 0.8333333333333333)	(77.0, 0.5)	(78.0, 0.5)	(79.0, 1.0)	(80.0, 1.0)	(81.0, 0.5)	(82.0, 0.0)	(83.0, 0.5)	(84.0, 0.5)	(85.0, 0.0)	(86.0, 0.0)	(87.0, 0.0)	(88.0, 0.0)	(89.0, 0.0)	(90.0, 0.0)	(91.0, 0.0)	(92.0, 0.0)	(93.0, 0.0)	(94.0, 0.0)	(95.0, 0.0)	(96.0, 0.0)	(97.0, 0.0)	(98.0, 0.0)	(99.0, 0.0)	(100.0, 0.0)
SRR23106353_2	(0.0, 168.0)	(1.0, 84.0)	(2.0, 0.0)	(3.0, 0.0)	(4.0, 0.0)	(5.0, 0.0)	(6.0, 0.0)	(7.0, 0.25)	(8.0, 0.25)	(9.0, 0.25)	(10.0, 0.0)	(11.0, 0.0)	(12.0, 0.5)	(13.0, 2.0)	(14.0, 4.0)	(15.0, 7.333333333333333)	(16.0, 10.083333333333332)	(17.0, 15.583333333333334)	(18.0, 23.416666666666664)	(19.0, 27.499999999999993)	(20.0, 41.916666666666664)	(21.0, 75.33333333333333)	(22.0, 123.33333333333329)	(23.0, 162.08333333333334)	(24.0, 234.0000000000002)	(25.0, 338.8333333333331)	(26.0, 500.249999999999)	(27.0, 682.4166666666678)	(28.0, 912.333333333338)	(29.0, 1273.9166666666647)	(30.0, 1782.7499999999793)	(31.0, 2406.1666666666615)	(32.0, 3225.583333333424)	(33.0, 4413.916666666792)	(34.0, 5613.583333333146)	(35.0, 7029.666666666051)	(36.0, 8825.499999999383)	(37.0, 10682.833333333903)	(38.0, 12197.166666668245)	(39.0, 13076.750000002135)	(40.0, 14058.750000002674)	(41.0, 14737.08333333641)	(42.0, 14401.500000002834)	(43.0, 13289.833333335313)	(44.0, 11622.416666667617)	(45.0, 9518.916666666511)	(46.0, 7591.083333332603)	(47.0, 5923.416666666419)	(48.0, 4660.916666666715)	(49.0, 3602.583333333467)	(50.0, 2586.166666666681)	(51.0, 1997.7499999999602)	(52.0, 1586.1666666666483)	(53.0, 1181.4166666666679)	(54.0, 847.0000000000052)	(55.0, 541.916666666665)	(56.0, 378.2499999999995)	(57.0, 243.7500000000004)	(58.0, 182.4166666666668)	(59.0, 142.33333333333331)	(60.0, 100.41666666666664)	(61.0, 73.83333333333336)	(62.0, 51.83333333333336)	(63.0, 39.83333333333333)	(64.0, 26.499999999999993)	(65.0, 19.833333333333336)	(66.0, 16.333333333333336)	(67.0, 17.333333333333332)	(68.0, 13.0)	(69.0, 7.666666666666666)	(70.0, 4.333333333333334)	(71.0, 6.0)	(72.0, 5.833333333333333)	(73.0, 4.0)	(74.0, 2.0)	(75.0, 2.25)	(76.0, 2.75)	(77.0, 1.25)	(78.0, 0.5)	(79.0, 1.0)	(80.0, 1.25)	(81.0, 1.0)	(82.0, 1.0)	(83.0, 1.25)	(84.0, 0.5)	(85.0, 0.25)	(86.0, 0.5)	(87.0, 0.5)	(88.0, 0.5)	(89.0, 0.5)	(90.0, 0.25)	(91.0, 0.25)	(92.0, 0.75)	(93.0, 0.5)	(94.0, 0.0)	(95.0, 0.5)	(96.0, 0.0)	(97.0, 0.0)	(98.0, 0.25)	(99.0, 0.0)	(100.0, 0.6666666666666666)
