Sample	fastqc-percent_duplicates	fastqc-percent_gc	fastqc-avg_sequence_length	fastqc-median_sequence_length	fastqc-percent_fails	fastqc-total_sequences
SRR23106236_1	7.9014953122747755	57.0	264.20308606413477	301	10.0	0.293351
SRR23106236_2	7.379706862852558	57.0	264.8387017600076	301	20.0	0.293351
SRR23106237_1	7.521215621003535	57.0	270.95512795001395	301	10.0	0.276397
SRR23106237_2	7.185881325046623	57.0	271.5603154158692	301	20.0	0.276397
SRR23106238_1	12.189693154671588	41.0	258.90114600798574	294	10.0	0.289265
SRR23106238_2	11.781334160032003	41.0	258.99676766978376	294	10.0	0.289265
SRR23106336_1	5.306919988109328	65.0	257.44422757644753	301	20.0	0.269237
SRR23106336_2	4.656828258656901	65.0	258.84817651362926	301	20.0	0.269237
SRR23106353_1	22.18729614249139	40.0	241.99572459478054	264	10.0	0.312485
SRR23106353_2	22.121611348443224	40.0	242.1146215018321	264	10.0	0.312485
